accuracy,precision,recall,f1,samples,backdoor_accuracy,triggered_total,triggered_misclassified,round,attack_active
0.6,0.8333333333333334,0.15625,0.2631578947368421,70,0.7777777777777778,9,7,0,False
0.7571428571428571,0.6829268292682927,0.875,0.7671232876712328,70,0.1111111111111111,9,1,1,False
0.8142857142857143,0.7435897435897436,0.90625,0.8169014084507042,70,0.1111111111111111,9,1,2,False
0.8857142857142857,0.875,0.875,0.875,70,0.1111111111111111,9,1,3,False
0.8714285714285714,0.8709677419354839,0.84375,0.8571428571428571,70,0.1111111111111111,9,1,4,False
0.7857142857142857,0.9473684210526315,0.5625,0.7058823529411765,70,0.4444444444444444,9,4,5,False
0.8,0.95,0.59375,0.7307692307692307,70,0.3333333333333333,9,3,6,False
0.8142857142857143,0.9523809523809523,0.625,0.7547169811320755,70,0.3333333333333333,9,3,7,False
0.9,0.9032258064516129,0.875,0.8888888888888888,70,0.1111111111111111,9,1,8,False
0.8285714285714286,0.9166666666666666,0.6875,0.7857142857142857,70,0.2222222222222222,9,2,9,False
0.8285714285714286,0.8125,0.8125,0.8125,70,0.1111111111111111,9,1,10,False
0.8,0.725,0.90625,0.8055555555555556,70,0.1111111111111111,9,1,11,False
0.8,0.8,0.75,0.7741935483870968,70,0.1111111111111111,9,1,12,False
0.8428571428571429,0.8181818181818182,0.84375,0.8307692307692308,70,0.1111111111111111,9,1,13,False
0.7714285714285715,0.9,0.5625,0.6923076923076923,70,0.2222222222222222,9,2,14,False
0.7571428571428571,0.8947368421052632,0.53125,0.6666666666666666,70,0.4444444444444444,9,4,15,False
0.8142857142857143,0.8064516129032258,0.78125,0.7936507936507936,70,0.1111111111111111,9,1,16,False
0.8571428571428571,0.8055555555555556,0.90625,0.8529411764705882,70,0.1111111111111111,9,1,17,False
0.8142857142857143,0.7878787878787878,0.8125,0.8,70,0.1111111111111111,9,1,18,False
0.8428571428571429,0.8387096774193549,0.8125,0.8253968253968254,70,0.1111111111111111,9,1,19,False
0.8428571428571429,0.8888888888888888,0.75,0.8135593220338984,70,0.2222222222222222,9,2,20,False
0.7857142857142857,0.8695652173913043,0.625,0.7272727272727273,70,0.2222222222222222,9,2,21,False
0.8285714285714286,0.8571428571428571,0.75,0.8,70,0.2222222222222222,9,2,22,False
0.8571428571428571,0.84375,0.84375,0.84375,70,0.1111111111111111,9,1,23,False
0.8285714285714286,0.8571428571428571,0.75,0.8,70,0.2222222222222222,9,2,24,False
0.8428571428571429,0.8620689655172413,0.78125,0.819672131147541,70,0.1111111111111111,9,1,25,False
0.8,0.8214285714285714,0.71875,0.7666666666666667,70,0.2222222222222222,9,2,26,False
0.8142857142857143,0.7878787878787878,0.8125,0.8,70,0.1111111111111111,9,1,27,False
0.8285714285714286,0.8125,0.8125,0.8125,70,0.2222222222222222,9,2,28,False
0.7714285714285715,0.9,0.5625,0.6923076923076923,70,0.3333333333333333,9,3,29,False
0.8142857142857143,0.7567567567567568,0.875,0.8115942028985508,70,0.1111111111111111,9,1,30,False
0.7714285714285715,0.7857142857142857,0.6875,0.7333333333333333,70,0.2222222222222222,9,2,31,False
0.8285714285714286,0.7941176470588235,0.84375,0.8181818181818182,70,0.1111111111111111,9,1,32,False
0.8428571428571429,0.8620689655172413,0.78125,0.819672131147541,70,0.2222222222222222,9,2,33,False
0.7285714285714285,0.8823529411764706,0.46875,0.6122448979591837,70,0.4444444444444444,9,4,34,False
0.8428571428571429,0.8,0.875,0.835820895522388,70,0.1111111111111111,9,1,35,False
0.8285714285714286,0.8125,0.8125,0.8125,70,0.2222222222222222,9,2,36,False
0.8142857142857143,0.7567567567567568,0.875,0.8115942028985508,70,0.1111111111111111,9,1,37,False
0.8857142857142857,0.875,0.875,0.875,70,0.1111111111111111,9,1,38,False
0.8428571428571429,0.8387096774193549,0.8125,0.8253968253968254,70,0.2222222222222222,9,2,39,False
0.8,0.8214285714285714,0.71875,0.7666666666666667,70,0.2222222222222222,9,2,40,False
0.8,0.8,0.75,0.7741935483870968,70,0.2222222222222222,9,2,41,False
0.8142857142857143,0.7878787878787878,0.8125,0.8,70,0.1111111111111111,9,1,42,False
0.8571428571428571,0.84375,0.84375,0.84375,70,0.1111111111111111,9,1,43,False
0.8,0.725,0.90625,0.8055555555555556,70,0.1111111111111111,9,1,44,False
0.7857142857142857,0.9047619047619048,0.59375,0.7169811320754716,70,0.2222222222222222,9,2,45,False
0.7714285714285715,0.8333333333333334,0.625,0.7142857142857143,70,0.2222222222222222,9,2,46,False
0.8,0.75,0.84375,0.7941176470588235,70,0.2222222222222222,9,2,47,False
0.8428571428571429,0.8620689655172413,0.78125,0.819672131147541,70,0.2222222222222222,9,2,48,False
0.7714285714285715,0.9,0.5625,0.6923076923076923,70,0.3333333333333333,9,3,49,False
0.8,0.8461538461538461,0.6875,0.7586206896551724,70,0.2222222222222222,9,2,50,True
0.8285714285714286,0.7941176470588235,0.84375,0.8181818181818182,70,0.2222222222222222,9,2,51,False
0.8,0.78125,0.78125,0.78125,70,0.2222222222222222,9,2,52,False
0.7571428571428571,0.7419354838709677,0.71875,0.7301587301587301,70,0.2222222222222222,9,2,53,True
0.7285714285714285,0.8421052631578947,0.5,0.6274509803921569,70,0.4444444444444444,9,4,54,False
0.8,0.875,0.65625,0.75,70,0.2222222222222222,9,2,55,False
0.7714285714285715,0.8636363636363636,0.59375,0.7037037037037037,70,0.3333333333333333,9,3,56,True
0.7428571428571429,0.85,0.53125,0.6538461538461539,70,0.4444444444444444,9,4,57,False
0.8428571428571429,0.8888888888888888,0.75,0.8135593220338984,70,0.2222222222222222,9,2,58,False
0.7714285714285715,0.8333333333333334,0.625,0.7142857142857143,70,0.2222222222222222,9,2,59,True
0.8,0.9090909090909091,0.625,0.7407407407407407,70,0.2222222222222222,9,2,60,False
0.8571428571428571,0.84375,0.84375,0.84375,70,0.2222222222222222,9,2,61,False
0.8,0.8461538461538461,0.6875,0.7586206896551724,70,0.2222222222222222,9,2,62,True
0.8428571428571429,0.8620689655172413,0.78125,0.819672131147541,70,0.1111111111111111,9,1,63,False
0.8285714285714286,0.8333333333333334,0.78125,0.8064516129032258,70,0.2222222222222222,9,2,64,False
0.8571428571428571,0.8235294117647058,0.875,0.8484848484848485,70,0.1111111111111111,9,1,65,True
0.7714285714285715,0.8636363636363636,0.59375,0.7037037037037037,70,0.2222222222222222,9,2,66,False
0.8571428571428571,0.8235294117647058,0.875,0.8484848484848485,70,0.1111111111111111,9,1,67,False
0.7571428571428571,0.8,0.625,0.7017543859649122,70,0.2222222222222222,9,2,68,True
0.7428571428571429,0.8181818181818182,0.5625,0.6666666666666666,70,0.4444444444444444,9,4,69,False
0.8285714285714286,0.75,0.9375,0.8333333333333334,70,0.0,9,0,70,False
0.8571428571428571,0.8235294117647058,0.875,0.8484848484848485,70,0.2222222222222222,9,2,71,True
0.8142857142857143,0.9130434782608695,0.65625,0.7636363636363637,70,0.4444444444444444,9,4,72,False
0.8142857142857143,0.7567567567567568,0.875,0.8115942028985508,70,0.1111111111111111,9,1,73,False
0.8285714285714286,0.7272727272727273,1.0,0.8421052631578947,70,0.0,9,0,74,True
0.8285714285714286,0.8333333333333334,0.78125,0.8064516129032258,70,0.2222222222222222,9,2,75,False
0.8285714285714286,0.7380952380952381,0.96875,0.8378378378378378,70,0.0,9,0,76,False
0.8,0.7045454545454546,0.96875,0.8157894736842105,70,0.1111111111111111,9,1,77,True
0.7857142857142857,0.8148148148148148,0.6875,0.7457627118644068,70,0.3333333333333333,9,3,78,False
0.8428571428571429,0.8181818181818182,0.84375,0.8307692307692308,70,0.2222222222222222,9,2,79,False
0.8571428571428571,0.8235294117647058,0.875,0.8484848484848485,70,0.2222222222222222,9,2,80,False
0.8285714285714286,0.9166666666666666,0.6875,0.7857142857142857,70,0.2222222222222222,9,2,81,False
0.8,0.875,0.65625,0.75,70,0.2222222222222222,9,2,82,False
0.8,0.875,0.65625,0.75,70,0.3333333333333333,9,3,83,False
0.8142857142857143,0.7209302325581395,0.96875,0.8266666666666667,70,0.0,9,0,84,False
0.8428571428571429,0.7837837837837838,0.90625,0.8405797101449275,70,0.1111111111111111,9,1,85,False
0.8428571428571429,0.7692307692307693,0.9375,0.8450704225352113,70,0.1111111111111111,9,1,86,False
0.8428571428571429,0.8620689655172413,0.78125,0.819672131147541,70,0.1111111111111111,9,1,87,False
0.8428571428571429,0.8620689655172413,0.78125,0.819672131147541,70,0.1111111111111111,9,1,88,False
0.8428571428571429,0.8,0.875,0.835820895522388,70,0.1111111111111111,9,1,89,False
0.8428571428571429,0.7692307692307693,0.9375,0.8450704225352113,70,0.1111111111111111,9,1,90,False
0.8571428571428571,0.7619047619047619,1.0,0.8648648648648649,70,0.0,9,0,91,False
0.7857142857142857,0.6808510638297872,1.0,0.810126582278481,70,0.0,9,0,92,False
0.7428571428571429,0.64,1.0,0.7804878048780488,70,0.0,9,0,93,False
0.8428571428571429,0.8181818181818182,0.84375,0.8307692307692308,70,0.1111111111111111,9,1,94,False
0.8428571428571429,0.7560975609756098,0.96875,0.8493150684931506,70,0.0,9,0,95,False
0.8,0.8461538461538461,0.6875,0.7586206896551724,70,0.2222222222222222,9,2,96,False
0.8571428571428571,0.8928571428571429,0.78125,0.8333333333333334,70,0.1111111111111111,9,1,97,False
0.8142857142857143,0.7435897435897436,0.90625,0.8169014084507042,70,0.1111111111111111,9,1,98,False
0.8,0.78125,0.78125,0.78125,70,0.1111111111111111,9,1,99,False
0.8285714285714286,0.7631578947368421,0.90625,0.8285714285714286,70,0.1111111111111111,9,1,100,False
0.8428571428571429,0.7837837837837838,0.90625,0.8405797101449275,70,0.1111111111111111,9,1,101,False
0.8,0.78125,0.78125,0.78125,70,0.1111111111111111,9,1,102,False
0.8142857142857143,0.8064516129032258,0.78125,0.7936507936507936,70,0.1111111111111111,9,1,103,False
0.8571428571428571,0.84375,0.84375,0.84375,70,0.1111111111111111,9,1,104,False
0.8428571428571429,0.7692307692307693,0.9375,0.8450704225352113,70,0.1111111111111111,9,1,105,False
0.8571428571428571,0.8666666666666667,0.8125,0.8387096774193549,70,0.2222222222222222,9,2,106,False
0.8428571428571429,0.7837837837837838,0.90625,0.8405797101449275,70,0.1111111111111111,9,1,107,False
0.8428571428571429,0.8387096774193549,0.8125,0.8253968253968254,70,0.1111111111111111,9,1,108,False
0.8285714285714286,0.75,0.9375,0.8333333333333334,70,0.1111111111111111,9,1,109,False
0.8,0.8461538461538461,0.6875,0.7586206896551724,70,0.2222222222222222,9,2,110,False
0.8428571428571429,0.8181818181818182,0.84375,0.8307692307692308,70,0.2222222222222222,9,2,111,False
0.8285714285714286,0.75,0.9375,0.8333333333333334,70,0.1111111111111111,9,1,112,False
0.8428571428571429,0.8,0.875,0.835820895522388,70,0.1111111111111111,9,1,113,False
0.8142857142857143,0.7209302325581395,0.96875,0.8266666666666667,70,0.1111111111111111,9,1,114,False
0.8,0.8214285714285714,0.71875,0.7666666666666667,70,0.2222222222222222,9,2,115,False
0.8571428571428571,0.8055555555555556,0.90625,0.8529411764705882,70,0.1111111111111111,9,1,116,False
0.8571428571428571,0.8666666666666667,0.8125,0.8387096774193549,70,0.1111111111111111,9,1,117,False
0.8428571428571429,0.8620689655172413,0.78125,0.819672131147541,70,0.1111111111111111,9,1,118,False
0.8857142857142857,0.8529411764705882,0.90625,0.8787878787878788,70,0.1111111111111111,9,1,119,False
0.8428571428571429,0.7560975609756098,0.96875,0.8493150684931506,70,0.1111111111111111,9,1,120,False
0.8714285714285714,0.8285714285714286,0.90625,0.8656716417910447,70,0.1111111111111111,9,1,121,False
0.8571428571428571,0.8666666666666667,0.8125,0.8387096774193549,70,0.2222222222222222,9,2,122,False
0.8857142857142857,0.8157894736842105,0.96875,0.8857142857142857,70,0.1111111111111111,9,1,123,False
0.8428571428571429,0.92,0.71875,0.8070175438596491,70,0.2222222222222222,9,2,124,False
0.8285714285714286,0.75,0.9375,0.8333333333333334,70,0.1111111111111111,9,1,125,False
0.8,0.7647058823529411,0.8125,0.7878787878787878,70,0.1111111111111111,9,1,126,False
0.8142857142857143,0.88,0.6875,0.7719298245614035,70,0.2222222222222222,9,2,127,False
0.8142857142857143,0.7209302325581395,0.96875,0.8266666666666667,70,0.1111111111111111,9,1,128,False
0.8857142857142857,0.8333333333333334,0.9375,0.8823529411764706,70,0.1111111111111111,9,1,129,False
0.8714285714285714,0.8484848484848485,0.875,0.8615384615384616,70,0.1111111111111111,9,1,130,False
0.8857142857142857,0.875,0.875,0.875,70,0.1111111111111111,9,1,131,False
0.7857142857142857,0.84,0.65625,0.7368421052631579,70,0.3333333333333333,9,3,132,False
0.8714285714285714,0.8285714285714286,0.90625,0.8656716417910447,70,0.1111111111111111,9,1,133,False
0.8142857142857143,0.88,0.6875,0.7719298245614035,70,0.3333333333333333,9,3,134,False
0.7714285714285715,0.6666666666666666,1.0,0.8,70,0.0,9,0,135,False
0.8571428571428571,0.7894736842105263,0.9375,0.8571428571428571,70,0.1111111111111111,9,1,136,False
0.8285714285714286,0.7777777777777778,0.875,0.8235294117647058,70,0.1111111111111111,9,1,137,False
0.8428571428571429,0.8,0.875,0.835820895522388,70,0.1111111111111111,9,1,138,False
0.7714285714285715,0.6739130434782609,0.96875,0.7948717948717948,70,0.1111111111111111,9,1,139,False
0.8142857142857143,0.7714285714285715,0.84375,0.8059701492537313,70,0.1111111111111111,9,1,140,False
0.8142857142857143,0.7878787878787878,0.8125,0.8,70,0.1111111111111111,9,1,141,False
0.8714285714285714,0.9259259259259259,0.78125,0.847457627118644,70,0.1111111111111111,9,1,142,False
0.8142857142857143,0.7714285714285715,0.84375,0.8059701492537313,70,0.1111111111111111,9,1,143,False
0.8714285714285714,0.8484848484848485,0.875,0.8615384615384616,70,0.1111111111111111,9,1,144,False
0.8714285714285714,0.8285714285714286,0.90625,0.8656716417910447,70,0.1111111111111111,9,1,145,False
0.8428571428571429,0.8387096774193549,0.8125,0.8253968253968254,70,0.1111111111111111,9,1,146,False
0.8,0.875,0.65625,0.75,70,0.2222222222222222,9,2,147,False
0.8428571428571429,0.8181818181818182,0.84375,0.8307692307692308,70,0.2222222222222222,9,2,148,False
0.8571428571428571,0.84375,0.84375,0.84375,70,0.1111111111111111,9,1,149,False
0.8571428571428571,0.7894736842105263,0.9375,0.8571428571428571,70,0.1111111111111111,9,1,150,False
0.8428571428571429,0.8387096774193549,0.8125,0.8253968253968254,70,0.1111111111111111,9,1,151,False
0.8,0.8461538461538461,0.6875,0.7586206896551724,70,0.2222222222222222,9,2,152,False
0.8714285714285714,0.8709677419354839,0.84375,0.8571428571428571,70,0.1111111111111111,9,1,153,False
0.8428571428571429,0.7692307692307693,0.9375,0.8450704225352113,70,0.1111111111111111,9,1,154,False
0.8714285714285714,0.896551724137931,0.8125,0.8524590163934426,70,0.2222222222222222,9,2,155,False
0.8714285714285714,0.8484848484848485,0.875,0.8615384615384616,70,0.1111111111111111,9,1,156,False
0.8428571428571429,0.7837837837837838,0.90625,0.8405797101449275,70,0.1111111111111111,9,1,157,False
0.8142857142857143,0.8518518518518519,0.71875,0.7796610169491526,70,0.1111111111111111,9,1,158,False
0.8,0.875,0.65625,0.75,70,0.2222222222222222,9,2,159,False
0.8714285714285714,0.8484848484848485,0.875,0.8615384615384616,70,0.1111111111111111,9,1,160,False
0.8714285714285714,0.8285714285714286,0.90625,0.8656716417910447,70,0.1111111111111111,9,1,161,False
0.8714285714285714,0.8709677419354839,0.84375,0.8571428571428571,70,0.1111111111111111,9,1,162,False
0.8428571428571429,0.7692307692307693,0.9375,0.8450704225352113,70,0.1111111111111111,9,1,163,False
0.8714285714285714,0.8108108108108109,0.9375,0.8695652173913043,70,0.1111111111111111,9,1,164,False
0.8428571428571429,0.7692307692307693,0.9375,0.8450704225352113,70,0.1111111111111111,9,1,165,False
0.8142857142857143,0.7435897435897436,0.90625,0.8169014084507042,70,0.1111111111111111,9,1,166,False
0.8428571428571429,0.7837837837837838,0.90625,0.8405797101449275,70,0.0,9,0,167,False
0.8571428571428571,0.8235294117647058,0.875,0.8484848484848485,70,0.1111111111111111,9,1,168,False
0.8714285714285714,0.8285714285714286,0.90625,0.8656716417910447,70,0.1111111111111111,9,1,169,False
0.8571428571428571,0.8928571428571429,0.78125,0.8333333333333334,70,0.1111111111111111,9,1,170,False
0.8714285714285714,0.7948717948717948,0.96875,0.8732394366197183,70,0.1111111111111111,9,1,171,False
0.8571428571428571,0.8928571428571429,0.78125,0.8333333333333334,70,0.1111111111111111,9,1,172,False
0.8428571428571429,0.8,0.875,0.835820895522388,70,0.1111111111111111,9,1,173,False
0.8142857142857143,0.7317073170731707,0.9375,0.821917808219178,70,0.1111111111111111,9,1,174,False
0.8571428571428571,0.9230769230769231,0.75,0.8275862068965517,70,0.2222222222222222,9,2,175,False
0.8428571428571429,0.8181818181818182,0.84375,0.8307692307692308,70,0.1111111111111111,9,1,176,False
0.8571428571428571,0.84375,0.84375,0.84375,70,0.1111111111111111,9,1,177,False
0.8428571428571429,0.7441860465116279,1.0,0.8533333333333334,70,0.0,9,0,178,False
0.8285714285714286,0.7777777777777778,0.875,0.8235294117647058,70,0.1111111111111111,9,1,179,False
0.8142857142857143,0.7714285714285715,0.84375,0.8059701492537313,70,0.1111111111111111,9,1,180,False
0.8428571428571429,0.7837837837837838,0.90625,0.8405797101449275,70,0.1111111111111111,9,1,181,False
0.8571428571428571,0.84375,0.84375,0.84375,70,0.1111111111111111,9,1,182,False
0.8571428571428571,0.7894736842105263,0.9375,0.8571428571428571,70,0.1111111111111111,9,1,183,False
0.8571428571428571,0.7894736842105263,0.9375,0.8571428571428571,70,0.1111111111111111,9,1,184,False
0.8428571428571429,0.8387096774193549,0.8125,0.8253968253968254,70,0.1111111111111111,9,1,185,False
0.8714285714285714,0.7804878048780488,1.0,0.8767123287671232,70,0.0,9,0,186,False
0.8857142857142857,0.8157894736842105,0.96875,0.8857142857142857,70,0.1111111111111111,9,1,187,False
0.8428571428571429,0.7837837837837838,0.90625,0.8405797101449275,70,0.1111111111111111,9,1,188,False
0.8428571428571429,0.7837837837837838,0.90625,0.8405797101449275,70,0.1111111111111111,9,1,189,False
0.8857142857142857,0.875,0.875,0.875,70,0.1111111111111111,9,1,190,False
0.8428571428571429,0.8181818181818182,0.84375,0.8307692307692308,70,0.1111111111111111,9,1,191,False
0.8428571428571429,0.8181818181818182,0.84375,0.8307692307692308,70,0.1111111111111111,9,1,192,False
0.8428571428571429,0.7441860465116279,1.0,0.8533333333333334,70,0.0,9,0,193,False
0.8428571428571429,0.7692307692307693,0.9375,0.8450704225352113,70,0.1111111111111111,9,1,194,False
0.8428571428571429,0.8,0.875,0.835820895522388,70,0.1111111111111111,9,1,195,False
0.8428571428571429,0.7560975609756098,0.96875,0.8493150684931506,70,0.1111111111111111,9,1,196,False
0.8285714285714286,0.7777777777777778,0.875,0.8235294117647058,70,0.1111111111111111,9,1,197,False
0.8857142857142857,0.875,0.875,0.875,70,0.1111111111111111,9,1,198,False
0.8571428571428571,0.8235294117647058,0.875,0.8484848484848485,70,0.1111111111111111,9,1,199,False
0.8428571428571429,0.7837837837837838,0.90625,0.8405797101449275,70,0.1111111111111111,9,1,200,False
0.8571428571428571,0.8055555555555556,0.90625,0.8529411764705882,70,0.1111111111111111,9,1,201,False
0.8857142857142857,0.8157894736842105,0.96875,0.8857142857142857,70,0.1111111111111111,9,1,202,False
0.8571428571428571,0.8235294117647058,0.875,0.8484848484848485,70,0.1111111111111111,9,1,203,False
0.8428571428571429,0.8,0.875,0.835820895522388,70,0.1111111111111111,9,1,204,False
0.8714285714285714,0.8108108108108109,0.9375,0.8695652173913043,70,0.1111111111111111,9,1,205,False
0.8428571428571429,0.7837837837837838,0.90625,0.8405797101449275,70,0.1111111111111111,9,1,206,False
0.8571428571428571,0.8055555555555556,0.90625,0.8529411764705882,70,0.1111111111111111,9,1,207,False
0.8428571428571429,0.8,0.875,0.835820895522388,70,0.1111111111111111,9,1,208,False
0.8285714285714286,0.7941176470588235,0.84375,0.8181818181818182,70,0.2222222222222222,9,2,209,False
0.8571428571428571,0.8055555555555556,0.90625,0.8529411764705882,70,0.1111111111111111,9,1,210,False
0.8571428571428571,0.8055555555555556,0.90625,0.8529411764705882,70,0.1111111111111111,9,1,211,False
0.8571428571428571,0.9230769230769231,0.75,0.8275862068965517,70,0.2222222222222222,9,2,212,False
0.8285714285714286,0.7941176470588235,0.84375,0.8181818181818182,70,0.1111111111111111,9,1,213,False
0.8285714285714286,0.7941176470588235,0.84375,0.8181818181818182,70,0.1111111111111111,9,1,214,False
0.8285714285714286,0.7631578947368421,0.90625,0.8285714285714286,70,0.1111111111111111,9,1,215,False
0.8428571428571429,0.7837837837837838,0.90625,0.8405797101449275,70,0.1111111111111111,9,1,216,False
0.8285714285714286,0.7941176470588235,0.84375,0.8181818181818182,70,0.1111111111111111,9,1,217,False
0.8714285714285714,0.8285714285714286,0.90625,0.8656716417910447,70,0.1111111111111111,9,1,218,False
0.8714285714285714,0.896551724137931,0.8125,0.8524590163934426,70,0.1111111111111111,9,1,219,False
0.8428571428571429,0.7837837837837838,0.90625,0.8405797101449275,70,0.1111111111111111,9,1,220,False
0.8428571428571429,0.7837837837837838,0.90625,0.8405797101449275,70,0.1111111111111111,9,1,221,False
0.8714285714285714,0.8285714285714286,0.90625,0.8656716417910447,70,0.1111111111111111,9,1,222,False
0.8285714285714286,0.75,0.9375,0.8333333333333334,70,0.1111111111111111,9,1,223,False
0.8285714285714286,0.7941176470588235,0.84375,0.8181818181818182,70,0.1111111111111111,9,1,224,False
0.8142857142857143,0.7714285714285715,0.84375,0.8059701492537313,70,0.1111111111111111,9,1,225,False
0.8428571428571429,0.7560975609756098,0.96875,0.8493150684931506,70,0.0,9,0,226,False
0.8285714285714286,0.7777777777777778,0.875,0.8235294117647058,70,0.1111111111111111,9,1,227,False
0.8142857142857143,0.7878787878787878,0.8125,0.8,70,0.1111111111111111,9,1,228,False
0.8428571428571429,0.8181818181818182,0.84375,0.8307692307692308,70,0.1111111111111111,9,1,229,False
0.8285714285714286,0.8333333333333334,0.78125,0.8064516129032258,70,0.1111111111111111,9,1,230,False
0.8571428571428571,0.775,0.96875,0.8611111111111112,70,0.1111111111111111,9,1,231,False
0.8571428571428571,0.7894736842105263,0.9375,0.8571428571428571,70,0.0,9,0,232,False
0.8428571428571429,0.7441860465116279,1.0,0.8533333333333334,70,0.0,9,0,233,False
0.8571428571428571,0.8235294117647058,0.875,0.8484848484848485,70,0.1111111111111111,9,1,234,False
0.8428571428571429,0.8,0.875,0.835820895522388,70,0.1111111111111111,9,1,235,False
0.8285714285714286,0.7941176470588235,0.84375,0.8181818181818182,70,0.1111111111111111,9,1,236,False
0.8285714285714286,0.7777777777777778,0.875,0.8235294117647058,70,0.1111111111111111,9,1,237,False
0.8428571428571429,0.8181818181818182,0.84375,0.8307692307692308,70,0.1111111111111111,9,1,238,False
0.8428571428571429,0.7837837837837838,0.90625,0.8405797101449275,70,0.1111111111111111,9,1,239,False
0.8428571428571429,0.7837837837837838,0.90625,0.8405797101449275,70,0.1111111111111111,9,1,240,False
0.8428571428571429,0.7837837837837838,0.90625,0.8405797101449275,70,0.1111111111111111,9,1,241,False
0.8428571428571429,0.7692307692307693,0.9375,0.8450704225352113,70,0.1111111111111111,9,1,242,False
0.8571428571428571,0.8235294117647058,0.875,0.8484848484848485,70,0.1111111111111111,9,1,243,False
0.8428571428571429,0.8,0.875,0.835820895522388,70,0.1111111111111111,9,1,244,False
0.8285714285714286,0.8333333333333334,0.78125,0.8064516129032258,70,0.1111111111111111,9,1,245,False
0.8285714285714286,0.7777777777777778,0.875,0.8235294117647058,70,0.1111111111111111,9,1,246,False
0.8285714285714286,0.8571428571428571,0.75,0.8,70,0.2222222222222222,9,2,247,False
0.8428571428571429,0.8,0.875,0.835820895522388,70,0.1111111111111111,9,1,248,False
0.8285714285714286,0.7941176470588235,0.84375,0.8181818181818182,70,0.1111111111111111,9,1,249,False
0.8142857142857143,0.8275862068965517,0.75,0.7868852459016393,70,0.2222222222222222,9,2,250,False
0.8285714285714286,0.7777777777777778,0.875,0.8235294117647058,70,0.1111111111111111,9,1,251,False
0.8142857142857143,0.7317073170731707,0.9375,0.821917808219178,70,0.1111111111111111,9,1,252,False
0.7285714285714285,0.6274509803921569,1.0,0.7710843373493976,70,0.0,9,0,253,False
0.8714285714285714,0.8484848484848485,0.875,0.8615384615384616,70,0.1111111111111111,9,1,254,False
0.8571428571428571,0.8055555555555556,0.90625,0.8529411764705882,70,0.1111111111111111,9,1,255,False
0.8428571428571429,0.8181818181818182,0.84375,0.8307692307692308,70,0.1111111111111111,9,1,256,False
0.8571428571428571,0.8055555555555556,0.90625,0.8529411764705882,70,0.1111111111111111,9,1,257,False
0.8285714285714286,0.7777777777777778,0.875,0.8235294117647058,70,0.1111111111111111,9,1,258,False
0.8857142857142857,0.8333333333333334,0.9375,0.8823529411764706,70,0.1111111111111111,9,1,259,False
0.8571428571428571,0.8055555555555556,0.90625,0.8529411764705882,70,0.1111111111111111,9,1,260,False
0.8571428571428571,0.8928571428571429,0.78125,0.8333333333333334,70,0.1111111111111111,9,1,261,False
0.8285714285714286,0.7631578947368421,0.90625,0.8285714285714286,70,0.1111111111111111,9,1,262,False
0.8428571428571429,0.8387096774193549,0.8125,0.8253968253968254,70,0.1111111111111111,9,1,263,False
0.8285714285714286,0.7777777777777778,0.875,0.8235294117647058,70,0.1111111111111111,9,1,264,False
0.8285714285714286,0.7941176470588235,0.84375,0.8181818181818182,70,0.1111111111111111,9,1,265,False
0.8285714285714286,0.7941176470588235,0.84375,0.8181818181818182,70,0.1111111111111111,9,1,266,False
0.8571428571428571,0.84375,0.84375,0.84375,70,0.1111111111111111,9,1,267,False
0.8428571428571429,0.8181818181818182,0.84375,0.8307692307692308,70,0.1111111111111111,9,1,268,False
0.8571428571428571,0.7894736842105263,0.9375,0.8571428571428571,70,0.1111111111111111,9,1,269,False
0.8714285714285714,0.7948717948717948,0.96875,0.8732394366197183,70,0.1111111111111111,9,1,270,False
0.8714285714285714,0.8285714285714286,0.90625,0.8656716417910447,70,0.1111111111111111,9,1,271,False
0.8857142857142857,0.8529411764705882,0.90625,0.8787878787878788,70,0.1111111111111111,9,1,272,False
0.8571428571428571,0.8055555555555556,0.90625,0.8529411764705882,70,0.1111111111111111,9,1,273,False
0.8571428571428571,0.7894736842105263,0.9375,0.8571428571428571,70,0.1111111111111111,9,1,274,False
0.8571428571428571,0.7894736842105263,0.9375,0.8571428571428571,70,0.1111111111111111,9,1,275,False
0.7571428571428571,0.8260869565217391,0.59375,0.6909090909090909,70,0.4444444444444444,9,4,276,False
0.8285714285714286,0.75,0.9375,0.8333333333333334,70,0.1111111111111111,9,1,277,False
0.8571428571428571,0.8235294117647058,0.875,0.8484848484848485,70,0.1111111111111111,9,1,278,False
0.8428571428571429,0.8,0.875,0.835820895522388,70,0.1111111111111111,9,1,279,False
0.8285714285714286,0.8125,0.8125,0.8125,70,0.1111111111111111,9,1,280,False
0.8285714285714286,0.75,0.9375,0.8333333333333334,70,0.1111111111111111,9,1,281,False
0.9,0.8787878787878788,0.90625,0.8923076923076924,70,0.1111111111111111,9,1,282,False
0.8714285714285714,0.8285714285714286,0.90625,0.8656716417910447,70,0.1111111111111111,9,1,283,False
0.8714285714285714,0.8709677419354839,0.84375,0.8571428571428571,70,0.1111111111111111,9,1,284,False
0.8285714285714286,0.7631578947368421,0.90625,0.8285714285714286,70,0.1111111111111111,9,1,285,False
0.8285714285714286,0.7631578947368421,0.90625,0.8285714285714286,70,0.1111111111111111,9,1,286,False
0.8142857142857143,0.7317073170731707,0.9375,0.821917808219178,70,0.1111111111111111,9,1,287,False
0.7714285714285715,0.8333333333333334,0.625,0.7142857142857143,70,0.3333333333333333,9,3,288,False
0.8,0.7142857142857143,0.9375,0.8108108108108109,70,0.1111111111111111,9,1,289,False
0.8285714285714286,0.7941176470588235,0.84375,0.8181818181818182,70,0.1111111111111111,9,1,290,False
0.8714285714285714,0.8108108108108109,0.9375,0.8695652173913043,70,0.1111111111111111,9,1,291,False
0.8285714285714286,0.75,0.9375,0.8333333333333334,70,0.1111111111111111,9,1,292,False
0.8857142857142857,0.8529411764705882,0.90625,0.8787878787878788,70,0.1111111111111111,9,1,293,False
0.8428571428571429,0.7692307692307693,0.9375,0.8450704225352113,70,0.1111111111111111,9,1,294,False
0.8428571428571429,0.7692307692307693,0.9375,0.8450704225352113,70,0.1111111111111111,9,1,295,False
0.8714285714285714,0.896551724137931,0.8125,0.8524590163934426,70,0.1111111111111111,9,1,296,False
0.8571428571428571,0.7894736842105263,0.9375,0.8571428571428571,70,0.1111111111111111,9,1,297,False
0.8428571428571429,0.8,0.875,0.835820895522388,70,0.1111111111111111,9,1,298,False
0.8285714285714286,0.75,0.9375,0.8333333333333334,70,0.1111111111111111,9,1,299,False
0.8428571428571429,0.7692307692307693,0.9375,0.8450704225352113,70,0.1111111111111111,9,1,300,False
0.8428571428571429,0.8181818181818182,0.84375,0.8307692307692308,70,0.1111111111111111,9,1,301,False
0.8428571428571429,0.8181818181818182,0.84375,0.8307692307692308,70,0.1111111111111111,9,1,302,False
0.8428571428571429,0.7692307692307693,0.9375,0.8450704225352113,70,0.1111111111111111,9,1,303,False
0.8428571428571429,0.7692307692307693,0.9375,0.8450704225352113,70,0.1111111111111111,9,1,304,False
0.8285714285714286,0.7631578947368421,0.90625,0.8285714285714286,70,0.1111111111111111,9,1,305,False
0.8714285714285714,0.8285714285714286,0.90625,0.8656716417910447,70,0.1111111111111111,9,1,306,False
0.8571428571428571,0.8666666666666667,0.8125,0.8387096774193549,70,0.1111111111111111,9,1,307,False
0.8428571428571429,0.8,0.875,0.835820895522388,70,0.1111111111111111,9,1,308,False
0.8714285714285714,0.8285714285714286,0.90625,0.8656716417910447,70,0.1111111111111111,9,1,309,False
0.8428571428571429,0.7837837837837838,0.90625,0.8405797101449275,70,0.1111111111111111,9,1,310,False
0.8142857142857143,0.7317073170731707,0.9375,0.821917808219178,70,0.1111111111111111,9,1,311,False
0.8142857142857143,0.7567567567567568,0.875,0.8115942028985508,70,0.1111111111111111,9,1,312,False
0.8428571428571429,0.8,0.875,0.835820895522388,70,0.1111111111111111,9,1,313,False
0.8571428571428571,0.84375,0.84375,0.84375,70,0.1111111111111111,9,1,314,False
0.8428571428571429,0.7692307692307693,0.9375,0.8450704225352113,70,0.1111111111111111,9,1,315,False
0.8571428571428571,0.8055555555555556,0.90625,0.8529411764705882,70,0.1111111111111111,9,1,316,False
0.8571428571428571,0.8055555555555556,0.90625,0.8529411764705882,70,0.1111111111111111,9,1,317,False
0.8428571428571429,0.7837837837837838,0.90625,0.8405797101449275,70,0.1111111111111111,9,1,318,False
0.8285714285714286,0.7631578947368421,0.90625,0.8285714285714286,70,0.1111111111111111,9,1,319,False
0.8571428571428571,0.84375,0.84375,0.84375,70,0.1111111111111111,9,1,320,False
0.8428571428571429,0.7692307692307693,0.9375,0.8450704225352113,70,0.1111111111111111,9,1,321,False
0.8428571428571429,0.8,0.875,0.835820895522388,70,0.1111111111111111,9,1,322,False
0.8428571428571429,0.7837837837837838,0.90625,0.8405797101449275,70,0.1111111111111111,9,1,323,False
0.8714285714285714,0.8484848484848485,0.875,0.8615384615384616,70,0.1111111111111111,9,1,324,False
0.8714285714285714,0.8285714285714286,0.90625,0.8656716417910447,70,0.1111111111111111,9,1,325,False
0.8714285714285714,0.8108108108108109,0.9375,0.8695652173913043,70,0.1111111111111111,9,1,326,False
0.8714285714285714,0.8484848484848485,0.875,0.8615384615384616,70,0.1111111111111111,9,1,327,False
0.8857142857142857,0.8529411764705882,0.90625,0.8787878787878788,70,0.1111111111111111,9,1,328,False
0.8571428571428571,0.8055555555555556,0.90625,0.8529411764705882,70,0.1111111111111111,9,1,329,False
0.8571428571428571,0.8666666666666667,0.8125,0.8387096774193549,70,0.1111111111111111,9,1,330,False
0.8571428571428571,0.7894736842105263,0.9375,0.8571428571428571,70,0.1111111111111111,9,1,331,False
0.8571428571428571,0.8235294117647058,0.875,0.8484848484848485,70,0.1111111111111111,9,1,332,False
0.8571428571428571,0.8235294117647058,0.875,0.8484848484848485,70,0.1111111111111111,9,1,333,False
0.8428571428571429,0.8888888888888888,0.75,0.8135593220338984,70,0.2222222222222222,9,2,334,False
0.8857142857142857,0.8529411764705882,0.90625,0.8787878787878788,70,0.1111111111111111,9,1,335,False
0.8857142857142857,0.875,0.875,0.875,70,0.1111111111111111,9,1,336,False
0.8714285714285714,0.8484848484848485,0.875,0.8615384615384616,70,0.1111111111111111,9,1,337,False
0.8714285714285714,0.8484848484848485,0.875,0.8615384615384616,70,0.1111111111111111,9,1,338,False
0.8857142857142857,0.8333333333333334,0.9375,0.8823529411764706,70,0.1111111111111111,9,1,339,False
0.8857142857142857,0.8529411764705882,0.90625,0.8787878787878788,70,0.1111111111111111,9,1,340,False
0.9,0.8571428571428571,0.9375,0.8955223880597015,70,0.1111111111111111,9,1,341,False
0.8714285714285714,0.8108108108108109,0.9375,0.8695652173913043,70,0.1111111111111111,9,1,342,False
0.8714285714285714,0.8484848484848485,0.875,0.8615384615384616,70,0.1111111111111111,9,1,343,False
0.8714285714285714,0.8108108108108109,0.9375,0.8695652173913043,70,0.1111111111111111,9,1,344,False
0.8857142857142857,0.8529411764705882,0.90625,0.8787878787878788,70,0.1111111111111111,9,1,345,False
0.8857142857142857,0.8333333333333334,0.9375,0.8823529411764706,70,0.1111111111111111,9,1,346,False
0.8428571428571429,0.7837837837837838,0.90625,0.8405797101449275,70,0.1111111111111111,9,1,347,False
0.8571428571428571,0.8666666666666667,0.8125,0.8387096774193549,70,0.2222222222222222,9,2,348,False
0.8428571428571429,0.8,0.875,0.835820895522388,70,0.1111111111111111,9,1,349,False
0.8571428571428571,0.8235294117647058,0.875,0.8484848484848485,70,0.1111111111111111,9,1,350,False
0.8714285714285714,0.8484848484848485,0.875,0.8615384615384616,70,0.1111111111111111,9,1,351,False
0.8571428571428571,0.7894736842105263,0.9375,0.8571428571428571,70,0.1111111111111111,9,1,352,False
0.8714285714285714,0.8108108108108109,0.9375,0.8695652173913043,70,0.1111111111111111,9,1,353,False
0.8428571428571429,0.7560975609756098,0.96875,0.8493150684931506,70,0.1111111111111111,9,1,354,False
0.8285714285714286,0.7777777777777778,0.875,0.8235294117647058,70,0.1111111111111111,9,1,355,False
0.8285714285714286,0.7777777777777778,0.875,0.8235294117647058,70,0.1111111111111111,9,1,356,False
0.8714285714285714,0.8484848484848485,0.875,0.8615384615384616,70,0.1111111111111111,9,1,357,False
0.8428571428571429,0.7837837837837838,0.90625,0.8405797101449275,70,0.1111111111111111,9,1,358,False
0.8571428571428571,0.8235294117647058,0.875,0.8484848484848485,70,0.1111111111111111,9,1,359,False
0.8428571428571429,0.7692307692307693,0.9375,0.8450704225352113,70,0.1111111111111111,9,1,360,False
0.8428571428571429,0.8387096774193549,0.8125,0.8253968253968254,70,0.2222222222222222,9,2,361,False
0.8,0.7142857142857143,0.9375,0.8108108108108109,70,0.1111111111111111,9,1,362,False
0.8571428571428571,0.8235294117647058,0.875,0.8484848484848485,70,0.1111111111111111,9,1,363,False
0.8285714285714286,0.8333333333333334,0.78125,0.8064516129032258,70,0.1111111111111111,9,1,364,False
0.7857142857142857,0.7073170731707317,0.90625,0.7945205479452054,70,0.1111111111111111,9,1,365,False
0.8142857142857143,0.7435897435897436,0.90625,0.8169014084507042,70,0.1111111111111111,9,1,366,False
0.8571428571428571,0.8235294117647058,0.875,0.8484848484848485,70,0.1111111111111111,9,1,367,False
0.8714285714285714,0.8484848484848485,0.875,0.8615384615384616,70,0.1111111111111111,9,1,368,False
0.8285714285714286,0.7380952380952381,0.96875,0.8378378378378378,70,0.1111111111111111,9,1,369,False
0.8428571428571429,0.8,0.875,0.835820895522388,70,0.1111111111111111,9,1,370,False
0.8285714285714286,0.7631578947368421,0.90625,0.8285714285714286,70,0.1111111111111111,9,1,371,False
0.8571428571428571,0.8055555555555556,0.90625,0.8529411764705882,70,0.1111111111111111,9,1,372,False
0.7714285714285715,0.6904761904761905,0.90625,0.7837837837837838,70,0.1111111111111111,9,1,373,False
0.8571428571428571,0.8235294117647058,0.875,0.8484848484848485,70,0.1111111111111111,9,1,374,False
0.8714285714285714,0.8484848484848485,0.875,0.8615384615384616,70,0.1111111111111111,9,1,375,False
0.8714285714285714,0.896551724137931,0.8125,0.8524590163934426,70,0.1111111111111111,9,1,376,False
0.8428571428571429,0.7837837837837838,0.90625,0.8405797101449275,70,0.1111111111111111,9,1,377,False
0.8428571428571429,0.8181818181818182,0.84375,0.8307692307692308,70,0.1111111111111111,9,1,378,False
0.8428571428571429,0.7837837837837838,0.90625,0.8405797101449275,70,0.1111111111111111,9,1,379,False
0.8142857142857143,0.7878787878787878,0.8125,0.8,70,0.1111111111111111,9,1,380,False
0.8714285714285714,0.8285714285714286,0.90625,0.8656716417910447,70,0.1111111111111111,9,1,381,False
0.8571428571428571,0.8235294117647058,0.875,0.8484848484848485,70,0.1111111111111111,9,1,382,False
0.8285714285714286,0.7941176470588235,0.84375,0.8181818181818182,70,0.1111111111111111,9,1,383,False
0.8,0.7045454545454546,0.96875,0.8157894736842105,70,0.1111111111111111,9,1,384,False
0.8571428571428571,0.8235294117647058,0.875,0.8484848484848485,70,0.1111111111111111,9,1,385,False
0.8428571428571429,0.8387096774193549,0.8125,0.8253968253968254,70,0.1111111111111111,9,1,386,False
0.8142857142857143,0.7435897435897436,0.90625,0.8169014084507042,70,0.1111111111111111,9,1,387,False
0.7571428571428571,0.6595744680851063,0.96875,0.7848101265822784,70,0.1111111111111111,9,1,388,False
0.8285714285714286,0.7631578947368421,0.90625,0.8285714285714286,70,0.1111111111111111,9,1,389,False
0.8142857142857143,0.7714285714285715,0.84375,0.8059701492537313,70,0.1111111111111111,9,1,390,False
0.8,0.725,0.90625,0.8055555555555556,70,0.1111111111111111,9,1,391,False
0.8,0.725,0.90625,0.8055555555555556,70,0.1111111111111111,9,1,392,False
0.8142857142857143,0.7714285714285715,0.84375,0.8059701492537313,70,0.1111111111111111,9,1,393,False
0.8,0.725,0.90625,0.8055555555555556,70,0.1111111111111111,9,1,394,False
0.8142857142857143,0.7567567567567568,0.875,0.8115942028985508,70,0.1111111111111111,9,1,395,False
0.8571428571428571,0.84375,0.84375,0.84375,70,0.1111111111111111,9,1,396,False
0.8285714285714286,0.75,0.9375,0.8333333333333334,70,0.1111111111111111,9,1,397,False
0.8428571428571429,0.8387096774193549,0.8125,0.8253968253968254,70,0.2222222222222222,9,2,398,False
0.8428571428571429,0.8181818181818182,0.84375,0.8307692307692308,70,0.2222222222222222,9,2,399,False
0.8428571428571429,0.8,0.875,0.835820895522388,70,0.1111111111111111,9,1,400,False
0.8,0.725,0.90625,0.8055555555555556,70,0.1111111111111111,9,1,401,False
0.8571428571428571,0.84375,0.84375,0.84375,70,0.2222222222222222,9,2,402,False
0.8285714285714286,0.7631578947368421,0.90625,0.8285714285714286,70,0.1111111111111111,9,1,403,False
0.8,0.8214285714285714,0.71875,0.7666666666666667,70,0.3333333333333333,9,3,404,False
0.8428571428571429,0.7837837837837838,0.90625,0.8405797101449275,70,0.1111111111111111,9,1,405,False
0.8428571428571429,0.7837837837837838,0.90625,0.8405797101449275,70,0.1111111111111111,9,1,406,False
0.8285714285714286,0.7777777777777778,0.875,0.8235294117647058,70,0.1111111111111111,9,1,407,False
0.8714285714285714,0.8484848484848485,0.875,0.8615384615384616,70,0.1111111111111111,9,1,408,False
0.8285714285714286,0.7631578947368421,0.90625,0.8285714285714286,70,0.1111111111111111,9,1,409,False
0.8,0.725,0.90625,0.8055555555555556,70,0.1111111111111111,9,1,410,False
0.8428571428571429,0.7837837837837838,0.90625,0.8405797101449275,70,0.1111111111111111,9,1,411,False
0.8285714285714286,0.8125,0.8125,0.8125,70,0.1111111111111111,9,1,412,False
0.8,0.725,0.90625,0.8055555555555556,70,0.1111111111111111,9,1,413,False
0.8285714285714286,0.7631578947368421,0.90625,0.8285714285714286,70,0.1111111111111111,9,1,414,False
0.8,0.725,0.90625,0.8055555555555556,70,0.1111111111111111,9,1,415,False
0.8285714285714286,0.7631578947368421,0.90625,0.8285714285714286,70,0.1111111111111111,9,1,416,False
0.8428571428571429,0.8,0.875,0.835820895522388,70,0.2222222222222222,9,2,417,False
0.8428571428571429,0.7837837837837838,0.90625,0.8405797101449275,70,0.1111111111111111,9,1,418,False
0.8428571428571429,0.7837837837837838,0.90625,0.8405797101449275,70,0.1111111111111111,9,1,419,False
0.8428571428571429,0.8181818181818182,0.84375,0.8307692307692308,70,0.1111111111111111,9,1,420,False
0.8285714285714286,0.7631578947368421,0.90625,0.8285714285714286,70,0.1111111111111111,9,1,421,False
0.8571428571428571,0.8055555555555556,0.90625,0.8529411764705882,70,0.1111111111111111,9,1,422,False
0.8142857142857143,0.7567567567567568,0.875,0.8115942028985508,70,0.1111111111111111,9,1,423,False
0.8285714285714286,0.7631578947368421,0.90625,0.8285714285714286,70,0.1111111111111111,9,1,424,False
0.8,0.7142857142857143,0.9375,0.8108108108108109,70,0.1111111111111111,9,1,425,False
0.8,0.7368421052631579,0.875,0.8,70,0.1111111111111111,9,1,426,False
0.8142857142857143,0.7435897435897436,0.90625,0.8169014084507042,70,0.1111111111111111,9,1,427,False
0.8428571428571429,0.8,0.875,0.835820895522388,70,0.1111111111111111,9,1,428,False
0.8285714285714286,0.7777777777777778,0.875,0.8235294117647058,70,0.1111111111111111,9,1,429,False
0.8571428571428571,0.8235294117647058,0.875,0.8484848484848485,70,0.1111111111111111,9,1,430,False
0.8428571428571429,0.8,0.875,0.835820895522388,70,0.1111111111111111,9,1,431,False
0.8428571428571429,0.8,0.875,0.835820895522388,70,0.1111111111111111,9,1,432,False
0.8285714285714286,0.7777777777777778,0.875,0.8235294117647058,70,0.1111111111111111,9,1,433,False
0.8285714285714286,0.7631578947368421,0.90625,0.8285714285714286,70,0.1111111111111111,9,1,434,False
0.8571428571428571,0.8235294117647058,0.875,0.8484848484848485,70,0.1111111111111111,9,1,435,False
0.8285714285714286,0.7631578947368421,0.90625,0.8285714285714286,70,0.1111111111111111,9,1,436,False
0.7857142857142857,0.84,0.65625,0.7368421052631579,70,0.3333333333333333,9,3,437,False
0.8571428571428571,0.8235294117647058,0.875,0.8484848484848485,70,0.1111111111111111,9,1,438,False
0.8428571428571429,0.8181818181818182,0.84375,0.8307692307692308,70,0.1111111111111111,9,1,439,False
0.8428571428571429,0.8,0.875,0.835820895522388,70,0.1111111111111111,9,1,440,False
0.8285714285714286,0.7777777777777778,0.875,0.8235294117647058,70,0.1111111111111111,9,1,441,False
0.8142857142857143,0.7435897435897436,0.90625,0.8169014084507042,70,0.1111111111111111,9,1,442,False
0.8,0.725,0.90625,0.8055555555555556,70,0.1111111111111111,9,1,443,False
0.8285714285714286,0.7777777777777778,0.875,0.8235294117647058,70,0.1111111111111111,9,1,444,False
0.8285714285714286,0.8125,0.8125,0.8125,70,0.1111111111111111,9,1,445,False
0.8428571428571429,0.7692307692307693,0.9375,0.8450704225352113,70,0.1111111111111111,9,1,446,False
0.8428571428571429,0.8,0.875,0.835820895522388,70,0.1111111111111111,9,1,447,False
0.8142857142857143,0.7435897435897436,0.90625,0.8169014084507042,70,0.1111111111111111,9,1,448,False
0.8,0.725,0.90625,0.8055555555555556,70,0.1111111111111111,9,1,449,False
0.8571428571428571,0.8235294117647058,0.875,0.8484848484848485,70,0.1111111111111111,9,1,450,False
0.8142857142857143,0.7435897435897436,0.90625,0.8169014084507042,70,0.1111111111111111,9,1,451,False
0.8428571428571429,0.8,0.875,0.835820895522388,70,0.1111111111111111,9,1,452,False
0.8571428571428571,0.8235294117647058,0.875,0.8484848484848485,70,0.1111111111111111,9,1,453,False
0.8428571428571429,0.8,0.875,0.835820895522388,70,0.1111111111111111,9,1,454,False
0.8285714285714286,0.7777777777777778,0.875,0.8235294117647058,70,0.1111111111111111,9,1,455,False
0.8285714285714286,0.7777777777777778,0.875,0.8235294117647058,70,0.1111111111111111,9,1,456,False
0.8142857142857143,0.7567567567567568,0.875,0.8115942028985508,70,0.1111111111111111,9,1,457,False
0.8285714285714286,0.8125,0.8125,0.8125,70,0.1111111111111111,9,1,458,False
0.8285714285714286,0.7777777777777778,0.875,0.8235294117647058,70,0.1111111111111111,9,1,459,False
0.8,0.725,0.90625,0.8055555555555556,70,0.1111111111111111,9,1,460,False
0.8428571428571429,0.7837837837837838,0.90625,0.8405797101449275,70,0.1111111111111111,9,1,461,False
0.8571428571428571,0.8055555555555556,0.90625,0.8529411764705882,70,0.1111111111111111,9,1,462,False
0.8428571428571429,0.7837837837837838,0.90625,0.8405797101449275,70,0.1111111111111111,9,1,463,False
0.8428571428571429,0.7837837837837838,0.90625,0.8405797101449275,70,0.1111111111111111,9,1,464,False
0.8285714285714286,0.7777777777777778,0.875,0.8235294117647058,70,0.1111111111111111,9,1,465,False
0.8428571428571429,0.8181818181818182,0.84375,0.8307692307692308,70,0.1111111111111111,9,1,466,False
0.8142857142857143,0.7878787878787878,0.8125,0.8,70,0.1111111111111111,9,1,467,False
0.8428571428571429,0.7837837837837838,0.90625,0.8405797101449275,70,0.1111111111111111,9,1,468,False
0.8285714285714286,0.7777777777777778,0.875,0.8235294117647058,70,0.1111111111111111,9,1,469,False
0.8285714285714286,0.8125,0.8125,0.8125,70,0.1111111111111111,9,1,470,False
0.8285714285714286,0.7631578947368421,0.90625,0.8285714285714286,70,0.1111111111111111,9,1,471,False
0.8428571428571429,0.8,0.875,0.835820895522388,70,0.1111111111111111,9,1,472,False
0.8142857142857143,0.7435897435897436,0.90625,0.8169014084507042,70,0.1111111111111111,9,1,473,False
0.8428571428571429,0.7837837837837838,0.90625,0.8405797101449275,70,0.1111111111111111,9,1,474,False
0.8428571428571429,0.8,0.875,0.835820895522388,70,0.1111111111111111,9,1,475,False
0.8428571428571429,0.7837837837837838,0.90625,0.8405797101449275,70,0.1111111111111111,9,1,476,False
0.8142857142857143,0.7317073170731707,0.9375,0.821917808219178,70,0.1111111111111111,9,1,477,False
0.8285714285714286,0.7941176470588235,0.84375,0.8181818181818182,70,0.1111111111111111,9,1,478,False
0.8285714285714286,0.8125,0.8125,0.8125,70,0.1111111111111111,9,1,479,False
0.8285714285714286,0.7631578947368421,0.90625,0.8285714285714286,70,0.1111111111111111,9,1,480,False
0.8142857142857143,0.7567567567567568,0.875,0.8115942028985508,70,0.1111111111111111,9,1,481,False
0.8142857142857143,0.7209302325581395,0.96875,0.8266666666666667,70,0.1111111111111111,9,1,482,False
0.8428571428571429,0.8,0.875,0.835820895522388,70,0.2222222222222222,9,2,483,False
0.8,0.78125,0.78125,0.78125,70,0.2222222222222222,9,2,484,False
0.8428571428571429,0.7837837837837838,0.90625,0.8405797101449275,70,0.1111111111111111,9,1,485,False
0.8428571428571429,0.8181818181818182,0.84375,0.8307692307692308,70,0.1111111111111111,9,1,486,False
0.8714285714285714,0.8484848484848485,0.875,0.8615384615384616,70,0.1111111111111111,9,1,487,False
0.8428571428571429,0.8620689655172413,0.78125,0.819672131147541,70,0.2222222222222222,9,2,488,False
0.8571428571428571,0.8055555555555556,0.90625,0.8529411764705882,70,0.1111111111111111,9,1,489,False
0.8571428571428571,0.8928571428571429,0.78125,0.8333333333333334,70,0.2222222222222222,9,2,490,False
0.8285714285714286,0.8333333333333334,0.78125,0.8064516129032258,70,0.2222222222222222,9,2,491,False
0.8285714285714286,0.7777777777777778,0.875,0.8235294117647058,70,0.1111111111111111,9,1,492,False
0.8571428571428571,0.8055555555555556,0.90625,0.8529411764705882,70,0.1111111111111111,9,1,493,False
0.8142857142857143,0.7435897435897436,0.90625,0.8169014084507042,70,0.1111111111111111,9,1,494,False
0.8285714285714286,0.75,0.9375,0.8333333333333334,70,0.1111111111111111,9,1,495,False
0.8,0.7368421052631579,0.875,0.8,70,0.1111111111111111,9,1,496,False
0.8428571428571429,0.7837837837837838,0.90625,0.8405797101449275,70,0.1111111111111111,9,1,497,False
0.8142857142857143,0.8064516129032258,0.78125,0.7936507936507936,70,0.2222222222222222,9,2,498,False
0.8142857142857143,0.8064516129032258,0.78125,0.7936507936507936,70,0.2222222222222222,9,2,499,False
0.8285714285714286,0.7631578947368421,0.90625,0.8285714285714286,70,0.1111111111111111,9,1,500,False
0.8428571428571429,0.7837837837837838,0.90625,0.8405797101449275,70,0.1111111111111111,9,1,501,False
0.8285714285714286,0.7941176470588235,0.84375,0.8181818181818182,70,0.1111111111111111,9,1,502,False
0.8285714285714286,0.7777777777777778,0.875,0.8235294117647058,70,0.1111111111111111,9,1,503,False
0.8285714285714286,0.7777777777777778,0.875,0.8235294117647058,70,0.1111111111111111,9,1,504,False
0.8428571428571429,0.8,0.875,0.835820895522388,70,0.1111111111111111,9,1,505,False
0.8,0.7368421052631579,0.875,0.8,70,0.1111111111111111,9,1,506,False
0.7714285714285715,0.6739130434782609,0.96875,0.7948717948717948,70,0.0,9,0,507,False
0.8285714285714286,0.7777777777777778,0.875,0.8235294117647058,70,0.1111111111111111,9,1,508,False
0.8142857142857143,0.8275862068965517,0.75,0.7868852459016393,70,0.2222222222222222,9,2,509,False
0.8142857142857143,0.7567567567567568,0.875,0.8115942028985508,70,0.1111111111111111,9,1,510,False
0.8571428571428571,0.8235294117647058,0.875,0.8484848484848485,70,0.1111111111111111,9,1,511,False
0.8571428571428571,0.8235294117647058,0.875,0.8484848484848485,70,0.1111111111111111,9,1,512,False
0.8571428571428571,0.8235294117647058,0.875,0.8484848484848485,70,0.1111111111111111,9,1,513,False
0.8142857142857143,0.7317073170731707,0.9375,0.821917808219178,70,0.1111111111111111,9,1,514,False
0.8428571428571429,0.8,0.875,0.835820895522388,70,0.1111111111111111,9,1,515,False
0.8571428571428571,0.84375,0.84375,0.84375,70,0.1111111111111111,9,1,516,False
0.8571428571428571,0.8666666666666667,0.8125,0.8387096774193549,70,0.1111111111111111,9,1,517,False
0.8571428571428571,0.8235294117647058,0.875,0.8484848484848485,70,0.1111111111111111,9,1,518,False
0.8714285714285714,0.8108108108108109,0.9375,0.8695652173913043,70,0.1111111111111111,9,1,519,False
0.8285714285714286,0.7631578947368421,0.90625,0.8285714285714286,70,0.1111111111111111,9,1,520,False
0.8428571428571429,0.8181818181818182,0.84375,0.8307692307692308,70,0.1111111111111111,9,1,521,False
0.8571428571428571,0.84375,0.84375,0.84375,70,0.1111111111111111,9,1,522,False
0.8714285714285714,0.8285714285714286,0.90625,0.8656716417910447,70,0.1111111111111111,9,1,523,False
0.8714285714285714,0.8285714285714286,0.90625,0.8656716417910447,70,0.1111111111111111,9,1,524,False
0.8428571428571429,0.8181818181818182,0.84375,0.8307692307692308,70,0.1111111111111111,9,1,525,False
0.8571428571428571,0.8666666666666667,0.8125,0.8387096774193549,70,0.1111111111111111,9,1,526,False
0.8428571428571429,0.7837837837837838,0.90625,0.8405797101449275,70,0.1111111111111111,9,1,527,False
0.8142857142857143,0.7317073170731707,0.9375,0.821917808219178,70,0.1111111111111111,9,1,528,False
0.8714285714285714,0.8484848484848485,0.875,0.8615384615384616,70,0.1111111111111111,9,1,529,False
0.8285714285714286,0.7631578947368421,0.90625,0.8285714285714286,70,0.1111111111111111,9,1,530,False
0.8714285714285714,0.896551724137931,0.8125,0.8524590163934426,70,0.1111111111111111,9,1,531,False
0.8428571428571429,0.8181818181818182,0.84375,0.8307692307692308,70,0.1111111111111111,9,1,532,False
0.8142857142857143,0.7435897435897436,0.90625,0.8169014084507042,70,0.1111111111111111,9,1,533,False
0.8142857142857143,0.7317073170731707,0.9375,0.821917808219178,70,0.1111111111111111,9,1,534,False
0.8285714285714286,0.7631578947368421,0.90625,0.8285714285714286,70,0.1111111111111111,9,1,535,False
0.8285714285714286,0.7941176470588235,0.84375,0.8181818181818182,70,0.1111111111111111,9,1,536,False
0.8142857142857143,0.7567567567567568,0.875,0.8115942028985508,70,0.1111111111111111,9,1,537,False
0.8428571428571429,0.8,0.875,0.835820895522388,70,0.1111111111111111,9,1,538,False
0.8428571428571429,0.7837837837837838,0.90625,0.8405797101449275,70,0.1111111111111111,9,1,539,False
0.8142857142857143,0.7435897435897436,0.90625,0.8169014084507042,70,0.1111111111111111,9,1,540,False
0.8571428571428571,0.8928571428571429,0.78125,0.8333333333333334,70,0.1111111111111111,9,1,541,False
0.8714285714285714,0.8709677419354839,0.84375,0.8571428571428571,70,0.1111111111111111,9,1,542,False
0.8142857142857143,0.7567567567567568,0.875,0.8115942028985508,70,0.1111111111111111,9,1,543,False
0.8428571428571429,0.8,0.875,0.835820895522388,70,0.1111111111111111,9,1,544,False
0.8571428571428571,0.7894736842105263,0.9375,0.8571428571428571,70,0.1111111111111111,9,1,545,False
0.8285714285714286,0.7631578947368421,0.90625,0.8285714285714286,70,0.1111111111111111,9,1,546,False
0.8428571428571429,0.7837837837837838,0.90625,0.8405797101449275,70,0.1111111111111111,9,1,547,False
0.8428571428571429,0.8181818181818182,0.84375,0.8307692307692308,70,0.1111111111111111,9,1,548,False
0.8714285714285714,0.8108108108108109,0.9375,0.8695652173913043,70,0.1111111111111111,9,1,549,False
0.8571428571428571,0.7894736842105263,0.9375,0.8571428571428571,70,0.1111111111111111,9,1,550,False
0.8714285714285714,0.8709677419354839,0.84375,0.8571428571428571,70,0.1111111111111111,9,1,551,False
0.8571428571428571,0.8235294117647058,0.875,0.8484848484848485,70,0.1111111111111111,9,1,552,False
0.8428571428571429,0.7692307692307693,0.9375,0.8450704225352113,70,0.1111111111111111,9,1,553,False
0.8571428571428571,0.7894736842105263,0.9375,0.8571428571428571,70,0.1111111111111111,9,1,554,False
0.8,0.7142857142857143,0.9375,0.8108108108108109,70,0.1111111111111111,9,1,555,False
0.8714285714285714,0.896551724137931,0.8125,0.8524590163934426,70,0.1111111111111111,9,1,556,False
0.8428571428571429,0.7692307692307693,0.9375,0.8450704225352113,70,0.1111111111111111,9,1,557,False
0.8714285714285714,0.8285714285714286,0.90625,0.8656716417910447,70,0.1111111111111111,9,1,558,False
0.8714285714285714,0.8709677419354839,0.84375,0.8571428571428571,70,0.1111111111111111,9,1,559,False
0.8428571428571429,0.8181818181818182,0.84375,0.8307692307692308,70,0.1111111111111111,9,1,560,False
0.8428571428571429,0.7837837837837838,0.90625,0.8405797101449275,70,0.1111111111111111,9,1,561,False
0.8571428571428571,0.8055555555555556,0.90625,0.8529411764705882,70,0.1111111111111111,9,1,562,False
0.8714285714285714,0.8285714285714286,0.90625,0.8656716417910447,70,0.1111111111111111,9,1,563,False
0.8714285714285714,0.8709677419354839,0.84375,0.8571428571428571,70,0.1111111111111111,9,1,564,False
0.8571428571428571,0.8055555555555556,0.90625,0.8529411764705882,70,0.1111111111111111,9,1,565,False
0.8571428571428571,0.8055555555555556,0.90625,0.8529411764705882,70,0.1111111111111111,9,1,566,False
0.8428571428571429,0.8181818181818182,0.84375,0.8307692307692308,70,0.1111111111111111,9,1,567,False
0.8428571428571429,0.8620689655172413,0.78125,0.819672131147541,70,0.1111111111111111,9,1,568,False
0.8714285714285714,0.8285714285714286,0.90625,0.8656716417910447,70,0.1111111111111111,9,1,569,False
0.8714285714285714,0.8108108108108109,0.9375,0.8695652173913043,70,0.1111111111111111,9,1,570,False
0.8714285714285714,0.8484848484848485,0.875,0.8615384615384616,70,0.1111111111111111,9,1,571,False
0.8571428571428571,0.8055555555555556,0.90625,0.8529411764705882,70,0.1111111111111111,9,1,572,False
0.8714285714285714,0.8285714285714286,0.90625,0.8656716417910447,70,0.1111111111111111,9,1,573,False
0.8714285714285714,0.8108108108108109,0.9375,0.8695652173913043,70,0.1111111111111111,9,1,574,False
0.8571428571428571,0.84375,0.84375,0.84375,70,0.1111111111111111,9,1,575,False
0.8571428571428571,0.8055555555555556,0.90625,0.8529411764705882,70,0.1111111111111111,9,1,576,False
0.8714285714285714,0.8285714285714286,0.90625,0.8656716417910447,70,0.1111111111111111,9,1,577,False
0.8714285714285714,0.8108108108108109,0.9375,0.8695652173913043,70,0.1111111111111111,9,1,578,False
0.8714285714285714,0.8285714285714286,0.90625,0.8656716417910447,70,0.1111111111111111,9,1,579,False
0.8857142857142857,0.875,0.875,0.875,70,0.1111111111111111,9,1,580,False
0.8,0.7142857142857143,0.9375,0.8108108108108109,70,0.1111111111111111,9,1,581,False
0.8571428571428571,0.8055555555555556,0.90625,0.8529411764705882,70,0.1111111111111111,9,1,582,False
0.8428571428571429,0.8620689655172413,0.78125,0.819672131147541,70,0.1111111111111111,9,1,583,False
0.8571428571428571,0.8055555555555556,0.90625,0.8529411764705882,70,0.1111111111111111,9,1,584,False
0.8,0.7142857142857143,0.9375,0.8108108108108109,70,0.1111111111111111,9,1,585,False
0.8571428571428571,0.7894736842105263,0.9375,0.8571428571428571,70,0.1111111111111111,9,1,586,False
0.8428571428571429,0.7837837837837838,0.90625,0.8405797101449275,70,0.1111111111111111,9,1,587,False
0.8714285714285714,0.8285714285714286,0.90625,0.8656716417910447,70,0.1111111111111111,9,1,588,False
0.8428571428571429,0.7837837837837838,0.90625,0.8405797101449275,70,0.1111111111111111,9,1,589,False
0.8428571428571429,0.8387096774193549,0.8125,0.8253968253968254,70,0.1111111111111111,9,1,590,False
0.8285714285714286,0.8125,0.8125,0.8125,70,0.1111111111111111,9,1,591,False
0.8,0.725,0.90625,0.8055555555555556,70,0.1111111111111111,9,1,592,False
0.8142857142857143,0.7317073170731707,0.9375,0.821917808219178,70,0.1111111111111111,9,1,593,False
0.8714285714285714,0.8285714285714286,0.90625,0.8656716417910447,70,0.1111111111111111,9,1,594,False
0.8428571428571429,0.8181818181818182,0.84375,0.8307692307692308,70,0.1111111111111111,9,1,595,False
0.8428571428571429,0.7837837837837838,0.90625,0.8405797101449275,70,0.1111111111111111,9,1,596,False
0.8571428571428571,0.8235294117647058,0.875,0.8484848484848485,70,0.1111111111111111,9,1,597,False
0.8571428571428571,0.8666666666666667,0.8125,0.8387096774193549,70,0.1111111111111111,9,1,598,False
0.8285714285714286,0.8333333333333334,0.78125,0.8064516129032258,70,0.2222222222222222,9,2,599,False
0.8428571428571429,0.8181818181818182,0.84375,0.8307692307692308,70,0.1111111111111111,9,1,600,False
0.8428571428571429,0.7837837837837838,0.90625,0.8405797101449275,70,0.1111111111111111,9,1,601,False
0.8571428571428571,0.8055555555555556,0.90625,0.8529411764705882,70,0.1111111111111111,9,1,602,False
0.8428571428571429,0.7837837837837838,0.90625,0.8405797101449275,70,0.1111111111111111,9,1,603,False
0.8285714285714286,0.7631578947368421,0.90625,0.8285714285714286,70,0.1111111111111111,9,1,604,False
0.8571428571428571,0.8235294117647058,0.875,0.8484848484848485,70,0.1111111111111111,9,1,605,False
0.8285714285714286,0.7777777777777778,0.875,0.8235294117647058,70,0.1111111111111111,9,1,606,False
0.8428571428571429,0.8888888888888888,0.75,0.8135593220338984,70,0.2222222222222222,9,2,607,False
0.7857142857142857,0.7073170731707317,0.90625,0.7945205479452054,70,0.1111111111111111,9,1,608,False
0.8142857142857143,0.7567567567567568,0.875,0.8115942028985508,70,0.1111111111111111,9,1,609,False
0.8428571428571429,0.7837837837837838,0.90625,0.8405797101449275,70,0.1111111111111111,9,1,610,False
0.7714285714285715,0.6818181818181818,0.9375,0.7894736842105263,70,0.1111111111111111,9,1,611,False
0.8142857142857143,0.7435897435897436,0.90625,0.8169014084507042,70,0.1111111111111111,9,1,612,False
0.8571428571428571,0.8055555555555556,0.90625,0.8529411764705882,70,0.1111111111111111,9,1,613,False
0.8571428571428571,0.8235294117647058,0.875,0.8484848484848485,70,0.1111111111111111,9,1,614,False
0.8714285714285714,0.8484848484848485,0.875,0.8615384615384616,70,0.1111111111111111,9,1,615,False
0.8857142857142857,0.8529411764705882,0.90625,0.8787878787878788,70,0.1111111111111111,9,1,616,False
0.8714285714285714,0.8484848484848485,0.875,0.8615384615384616,70,0.1111111111111111,9,1,617,False
0.8571428571428571,0.8235294117647058,0.875,0.8484848484848485,70,0.1111111111111111,9,1,618,False
0.8428571428571429,0.8181818181818182,0.84375,0.8307692307692308,70,0.1111111111111111,9,1,619,False
0.8,0.7368421052631579,0.875,0.8,70,0.1111111111111111,9,1,620,False
0.8428571428571429,0.8181818181818182,0.84375,0.8307692307692308,70,0.1111111111111111,9,1,621,False
0.8428571428571429,0.7837837837837838,0.90625,0.8405797101449275,70,0.1111111111111111,9,1,622,False
0.8857142857142857,0.8529411764705882,0.90625,0.8787878787878788,70,0.1111111111111111,9,1,623,False
0.8571428571428571,0.8055555555555556,0.90625,0.8529411764705882,70,0.1111111111111111,9,1,624,False
0.8285714285714286,0.7631578947368421,0.90625,0.8285714285714286,70,0.1111111111111111,9,1,625,False
0.8714285714285714,0.8709677419354839,0.84375,0.8571428571428571,70,0.1111111111111111,9,1,626,False
0.8571428571428571,0.84375,0.84375,0.84375,70,0.1111111111111111,9,1,627,False
0.8428571428571429,0.8181818181818182,0.84375,0.8307692307692308,70,0.1111111111111111,9,1,628,False
0.8571428571428571,0.84375,0.84375,0.84375,70,0.1111111111111111,9,1,629,False
0.8571428571428571,0.84375,0.84375,0.84375,70,0.1111111111111111,9,1,630,False
0.8571428571428571,0.8666666666666667,0.8125,0.8387096774193549,70,0.1111111111111111,9,1,631,False
0.8714285714285714,0.8285714285714286,0.90625,0.8656716417910447,70,0.1111111111111111,9,1,632,False
0.8285714285714286,0.8125,0.8125,0.8125,70,0.1111111111111111,9,1,633,False
0.8285714285714286,0.7631578947368421,0.90625,0.8285714285714286,70,0.1111111111111111,9,1,634,False
0.8571428571428571,0.8235294117647058,0.875,0.8484848484848485,70,0.1111111111111111,9,1,635,False
0.8,0.7368421052631579,0.875,0.8,70,0.1111111111111111,9,1,636,False
0.8142857142857143,0.7317073170731707,0.9375,0.821917808219178,70,0.1111111111111111,9,1,637,False
0.8571428571428571,0.8235294117647058,0.875,0.8484848484848485,70,0.1111111111111111,9,1,638,False
0.8571428571428571,0.8055555555555556,0.90625,0.8529411764705882,70,0.1111111111111111,9,1,639,False
0.8571428571428571,0.8055555555555556,0.90625,0.8529411764705882,70,0.1111111111111111,9,1,640,False
0.7857142857142857,0.7073170731707317,0.90625,0.7945205479452054,70,0.1111111111111111,9,1,641,False
0.8714285714285714,0.896551724137931,0.8125,0.8524590163934426,70,0.1111111111111111,9,1,642,False
0.8428571428571429,0.8,0.875,0.835820895522388,70,0.1111111111111111,9,1,643,False
0.8571428571428571,0.8055555555555556,0.90625,0.8529411764705882,70,0.1111111111111111,9,1,644,False
0.8142857142857143,0.7435897435897436,0.90625,0.8169014084507042,70,0.1111111111111111,9,1,645,False
0.8714285714285714,0.8285714285714286,0.90625,0.8656716417910447,70,0.1111111111111111,9,1,646,False
0.8714285714285714,0.8285714285714286,0.90625,0.8656716417910447,70,0.1111111111111111,9,1,647,False
0.9,0.8787878787878788,0.90625,0.8923076923076924,70,0.1111111111111111,9,1,648,False
0.8714285714285714,0.8285714285714286,0.90625,0.8656716417910447,70,0.1111111111111111,9,1,649,False
0.8714285714285714,0.8108108108108109,0.9375,0.8695652173913043,70,0.1111111111111111,9,1,650,False
0.8857142857142857,0.8529411764705882,0.90625,0.8787878787878788,70,0.1111111111111111,9,1,651,False
0.8714285714285714,0.8285714285714286,0.90625,0.8656716417910447,70,0.1111111111111111,9,1,652,False
0.8428571428571429,0.7692307692307693,0.9375,0.8450704225352113,70,0.1111111111111111,9,1,653,False
0.8714285714285714,0.8108108108108109,0.9375,0.8695652173913043,70,0.1111111111111111,9,1,654,False
0.8428571428571429,0.8,0.875,0.835820895522388,70,0.1111111111111111,9,1,655,False
0.8857142857142857,0.8333333333333334,0.9375,0.8823529411764706,70,0.1111111111111111,9,1,656,False
0.8714285714285714,0.8108108108108109,0.9375,0.8695652173913043,70,0.1111111111111111,9,1,657,False
0.8857142857142857,0.875,0.875,0.875,70,0.1111111111111111,9,1,658,False
0.8857142857142857,0.8333333333333334,0.9375,0.8823529411764706,70,0.1111111111111111,9,1,659,False
0.8714285714285714,0.8108108108108109,0.9375,0.8695652173913043,70,0.1111111111111111,9,1,660,False
0.8857142857142857,0.875,0.875,0.875,70,0.1111111111111111,9,1,661,False
0.8714285714285714,0.8285714285714286,0.90625,0.8656716417910447,70,0.1111111111111111,9,1,662,False
0.8714285714285714,0.8285714285714286,0.90625,0.8656716417910447,70,0.1111111111111111,9,1,663,False
0.8714285714285714,0.8484848484848485,0.875,0.8615384615384616,70,0.1111111111111111,9,1,664,False
0.8857142857142857,0.875,0.875,0.875,70,0.1111111111111111,9,1,665,False
0.8571428571428571,0.8235294117647058,0.875,0.8484848484848485,70,0.1111111111111111,9,1,666,False
0.8428571428571429,0.8,0.875,0.835820895522388,70,0.1111111111111111,9,1,667,False
0.8285714285714286,0.7777777777777778,0.875,0.8235294117647058,70,0.1111111111111111,9,1,668,False
0.8428571428571429,0.8,0.875,0.835820895522388,70,0.1111111111111111,9,1,669,False
0.8,0.7142857142857143,0.9375,0.8108108108108109,70,0.1111111111111111,9,1,670,False
0.8714285714285714,0.8108108108108109,0.9375,0.8695652173913043,70,0.1111111111111111,9,1,671,False
0.8285714285714286,0.75,0.9375,0.8333333333333334,70,0.1111111111111111,9,1,672,False
0.8714285714285714,0.8285714285714286,0.90625,0.8656716417910447,70,0.1111111111111111,9,1,673,False
0.8857142857142857,0.8529411764705882,0.90625,0.8787878787878788,70,0.1111111111111111,9,1,674,False
0.8857142857142857,0.8529411764705882,0.90625,0.8787878787878788,70,0.1111111111111111,9,1,675,False
0.8428571428571429,0.7692307692307693,0.9375,0.8450704225352113,70,0.1111111111111111,9,1,676,False
0.8714285714285714,0.8108108108108109,0.9375,0.8695652173913043,70,0.1111111111111111,9,1,677,False
0.8857142857142857,0.8333333333333334,0.9375,0.8823529411764706,70,0.1111111111111111,9,1,678,False
0.9,0.8787878787878788,0.90625,0.8923076923076924,70,0.1111111111111111,9,1,679,False
0.8857142857142857,0.875,0.875,0.875,70,0.1111111111111111,9,1,680,False
0.8571428571428571,0.8666666666666667,0.8125,0.8387096774193549,70,0.1111111111111111,9,1,681,False
0.8428571428571429,0.8,0.875,0.835820895522388,70,0.1111111111111111,9,1,682,False
0.8571428571428571,0.7894736842105263,0.9375,0.8571428571428571,70,0.1111111111111111,9,1,683,False
0.8714285714285714,0.8285714285714286,0.90625,0.8656716417910447,70,0.1111111111111111,9,1,684,False
0.8428571428571429,0.7837837837837838,0.90625,0.8405797101449275,70,0.1111111111111111,9,1,685,False
0.8285714285714286,0.7941176470588235,0.84375,0.8181818181818182,70,0.1111111111111111,9,1,686,False
0.8428571428571429,0.7837837837837838,0.90625,0.8405797101449275,70,0.1111111111111111,9,1,687,False
0.8714285714285714,0.8108108108108109,0.9375,0.8695652173913043,70,0.1111111111111111,9,1,688,False
0.8714285714285714,0.8108108108108109,0.9375,0.8695652173913043,70,0.1111111111111111,9,1,689,False
0.8285714285714286,0.8125,0.8125,0.8125,70,0.2222222222222222,9,2,690,False
0.8142857142857143,0.7317073170731707,0.9375,0.821917808219178,70,0.1111111111111111,9,1,691,False
0.8142857142857143,0.7317073170731707,0.9375,0.821917808219178,70,0.1111111111111111,9,1,692,False
0.8142857142857143,0.7317073170731707,0.9375,0.821917808219178,70,0.1111111111111111,9,1,693,False
0.8285714285714286,0.75,0.9375,0.8333333333333334,70,0.1111111111111111,9,1,694,False
0.8571428571428571,0.8928571428571429,0.78125,0.8333333333333334,70,0.2222222222222222,9,2,695,False
0.8285714285714286,0.7777777777777778,0.875,0.8235294117647058,70,0.1111111111111111,9,1,696,False
0.8285714285714286,0.75,0.9375,0.8333333333333334,70,0.1111111111111111,9,1,697,False
0.7714285714285715,0.6818181818181818,0.9375,0.7894736842105263,70,0.1111111111111111,9,1,698,False
0.9,0.9310344827586207,0.84375,0.8852459016393442,70,0.1111111111111111,9,1,699,False
0.8428571428571429,0.8,0.875,0.835820895522388,70,0.1111111111111111,9,1,700,False
0.8571428571428571,0.8235294117647058,0.875,0.8484848484848485,70,0.1111111111111111,9,1,701,False
0.8571428571428571,0.8235294117647058,0.875,0.8484848484848485,70,0.1111111111111111,9,1,702,False
0.8571428571428571,0.8235294117647058,0.875,0.8484848484848485,70,0.1111111111111111,9,1,703,False
0.8428571428571429,0.8,0.875,0.835820895522388,70,0.1111111111111111,9,1,704,False
0.8571428571428571,0.8235294117647058,0.875,0.8484848484848485,70,0.1111111111111111,9,1,705,False
0.8428571428571429,0.8,0.875,0.835820895522388,70,0.1111111111111111,9,1,706,False
0.8285714285714286,0.7631578947368421,0.90625,0.8285714285714286,70,0.1111111111111111,9,1,707,False
0.8142857142857143,0.7317073170731707,0.9375,0.821917808219178,70,0.1111111111111111,9,1,708,False
0.8428571428571429,0.8,0.875,0.835820895522388,70,0.1111111111111111,9,1,709,False
0.8714285714285714,0.8484848484848485,0.875,0.8615384615384616,70,0.1111111111111111,9,1,710,False
0.8571428571428571,0.84375,0.84375,0.84375,70,0.1111111111111111,9,1,711,False
0.8142857142857143,0.7435897435897436,0.90625,0.8169014084507042,70,0.1111111111111111,9,1,712,False
0.8428571428571429,0.8,0.875,0.835820895522388,70,0.1111111111111111,9,1,713,False
0.8142857142857143,0.7435897435897436,0.90625,0.8169014084507042,70,0.1111111111111111,9,1,714,False
0.8285714285714286,0.7631578947368421,0.90625,0.8285714285714286,70,0.1111111111111111,9,1,715,False
0.8285714285714286,0.7631578947368421,0.90625,0.8285714285714286,70,0.1111111111111111,9,1,716,False
0.8142857142857143,0.7567567567567568,0.875,0.8115942028985508,70,0.1111111111111111,9,1,717,False
0.8571428571428571,0.8235294117647058,0.875,0.8484848484848485,70,0.1111111111111111,9,1,718,False
0.8428571428571429,0.8,0.875,0.835820895522388,70,0.1111111111111111,9,1,719,False
0.8571428571428571,0.84375,0.84375,0.84375,70,0.1111111111111111,9,1,720,False
0.8142857142857143,0.7714285714285715,0.84375,0.8059701492537313,70,0.1111111111111111,9,1,721,False
0.8285714285714286,0.7941176470588235,0.84375,0.8181818181818182,70,0.1111111111111111,9,1,722,False
0.8428571428571429,0.7837837837837838,0.90625,0.8405797101449275,70,0.1111111111111111,9,1,723,False
0.8142857142857143,0.7435897435897436,0.90625,0.8169014084507042,70,0.1111111111111111,9,1,724,False
0.8285714285714286,0.7631578947368421,0.90625,0.8285714285714286,70,0.1111111111111111,9,1,725,False
0.8285714285714286,0.7631578947368421,0.90625,0.8285714285714286,70,0.1111111111111111,9,1,726,False
0.8571428571428571,0.84375,0.84375,0.84375,70,0.1111111111111111,9,1,727,False
0.8142857142857143,0.7435897435897436,0.90625,0.8169014084507042,70,0.1111111111111111,9,1,728,False
0.8285714285714286,0.7631578947368421,0.90625,0.8285714285714286,70,0.1111111111111111,9,1,729,False
0.8285714285714286,0.7777777777777778,0.875,0.8235294117647058,70,0.1111111111111111,9,1,730,False
0.8428571428571429,0.7837837837837838,0.90625,0.8405797101449275,70,0.1111111111111111,9,1,731,False
0.8142857142857143,0.7435897435897436,0.90625,0.8169014084507042,70,0.1111111111111111,9,1,732,False
0.8285714285714286,0.7631578947368421,0.90625,0.8285714285714286,70,0.1111111111111111,9,1,733,False
0.8285714285714286,0.7631578947368421,0.90625,0.8285714285714286,70,0.1111111111111111,9,1,734,False
0.8142857142857143,0.7567567567567568,0.875,0.8115942028985508,70,0.1111111111111111,9,1,735,False
0.8142857142857143,0.7714285714285715,0.84375,0.8059701492537313,70,0.1111111111111111,9,1,736,False
0.8285714285714286,0.7631578947368421,0.90625,0.8285714285714286,70,0.1111111111111111,9,1,737,False
0.8285714285714286,0.7631578947368421,0.90625,0.8285714285714286,70,0.1111111111111111,9,1,738,False
0.8285714285714286,0.7941176470588235,0.84375,0.8181818181818182,70,0.1111111111111111,9,1,739,False
0.8,0.7368421052631579,0.875,0.8,70,0.1111111111111111,9,1,740,False
0.8285714285714286,0.7631578947368421,0.90625,0.8285714285714286,70,0.1111111111111111,9,1,741,False
0.8428571428571429,0.7837837837837838,0.90625,0.8405797101449275,70,0.1111111111111111,9,1,742,False
0.8285714285714286,0.7631578947368421,0.90625,0.8285714285714286,70,0.1111111111111111,9,1,743,False
0.8571428571428571,0.8235294117647058,0.875,0.8484848484848485,70,0.1111111111111111,9,1,744,False
0.8285714285714286,0.7777777777777778,0.875,0.8235294117647058,70,0.1111111111111111,9,1,745,False
0.8428571428571429,0.8,0.875,0.835820895522388,70,0.1111111111111111,9,1,746,False
0.8285714285714286,0.7631578947368421,0.90625,0.8285714285714286,70,0.1111111111111111,9,1,747,False
0.8142857142857143,0.7435897435897436,0.90625,0.8169014084507042,70,0.1111111111111111,9,1,748,False
0.8142857142857143,0.7567567567567568,0.875,0.8115942028985508,70,0.1111111111111111,9,1,749,False
0.8714285714285714,0.8484848484848485,0.875,0.8615384615384616,70,0.1111111111111111,9,1,750,False
0.9,0.9032258064516129,0.875,0.8888888888888888,70,0.1111111111111111,9,1,751,False
0.8142857142857143,0.7714285714285715,0.84375,0.8059701492537313,70,0.1111111111111111,9,1,752,False
0.8,0.725,0.90625,0.8055555555555556,70,0.1111111111111111,9,1,753,False
0.8714285714285714,0.8108108108108109,0.9375,0.8695652173913043,70,0.1111111111111111,9,1,754,False
0.8285714285714286,0.7631578947368421,0.90625,0.8285714285714286,70,0.1111111111111111,9,1,755,False
0.8857142857142857,0.8529411764705882,0.90625,0.8787878787878788,70,0.1111111111111111,9,1,756,False
0.8142857142857143,0.7435897435897436,0.90625,0.8169014084507042,70,0.1111111111111111,9,1,757,False
0.8714285714285714,0.8484848484848485,0.875,0.8615384615384616,70,0.1111111111111111,9,1,758,False
0.8142857142857143,0.7435897435897436,0.90625,0.8169014084507042,70,0.1111111111111111,9,1,759,False
0.8285714285714286,0.7631578947368421,0.90625,0.8285714285714286,70,0.1111111111111111,9,1,760,False
0.8571428571428571,0.8055555555555556,0.90625,0.8529411764705882,70,0.1111111111111111,9,1,761,False
0.8714285714285714,0.8484848484848485,0.875,0.8615384615384616,70,0.1111111111111111,9,1,762,False
0.8142857142857143,0.7317073170731707,0.9375,0.821917808219178,70,0.1111111111111111,9,1,763,False
0.8428571428571429,0.8181818181818182,0.84375,0.8307692307692308,70,0.1111111111111111,9,1,764,False
0.8571428571428571,0.8235294117647058,0.875,0.8484848484848485,70,0.1111111111111111,9,1,765,False
0.8571428571428571,0.8666666666666667,0.8125,0.8387096774193549,70,0.1111111111111111,9,1,766,False
0.8571428571428571,0.8235294117647058,0.875,0.8484848484848485,70,0.1111111111111111,9,1,767,False
0.8714285714285714,0.8484848484848485,0.875,0.8615384615384616,70,0.1111111111111111,9,1,768,False
0.8428571428571429,0.8,0.875,0.835820895522388,70,0.1111111111111111,9,1,769,False
0.8,0.725,0.90625,0.8055555555555556,70,0.1111111111111111,9,1,770,False
0.7857142857142857,0.7073170731707317,0.90625,0.7945205479452054,70,0.1111111111111111,9,1,771,False
0.8428571428571429,0.8,0.875,0.835820895522388,70,0.1111111111111111,9,1,772,False
0.8,0.7368421052631579,0.875,0.8,70,0.1111111111111111,9,1,773,False
0.8285714285714286,0.7631578947368421,0.90625,0.8285714285714286,70,0.1111111111111111,9,1,774,False
0.8428571428571429,0.7837837837837838,0.90625,0.8405797101449275,70,0.1111111111111111,9,1,775,False
0.8428571428571429,0.7837837837837838,0.90625,0.8405797101449275,70,0.1111111111111111,9,1,776,False
0.8285714285714286,0.7631578947368421,0.90625,0.8285714285714286,70,0.1111111111111111,9,1,777,False
0.8142857142857143,0.7435897435897436,0.90625,0.8169014084507042,70,0.1111111111111111,9,1,778,False
0.8,0.725,0.90625,0.8055555555555556,70,0.1111111111111111,9,1,779,False
0.8285714285714286,0.7941176470588235,0.84375,0.8181818181818182,70,0.1111111111111111,9,1,780,False
0.8285714285714286,0.7631578947368421,0.90625,0.8285714285714286,70,0.1111111111111111,9,1,781,False
0.8428571428571429,0.8181818181818182,0.84375,0.8307692307692308,70,0.1111111111111111,9,1,782,False
0.8,0.7368421052631579,0.875,0.8,70,0.1111111111111111,9,1,783,False
0.8142857142857143,0.7567567567567568,0.875,0.8115942028985508,70,0.1111111111111111,9,1,784,False
0.8142857142857143,0.7435897435897436,0.90625,0.8169014084507042,70,0.1111111111111111,9,1,785,False
0.7714285714285715,0.6904761904761905,0.90625,0.7837837837837838,70,0.1111111111111111,9,1,786,False
0.8285714285714286,0.7631578947368421,0.90625,0.8285714285714286,70,0.1111111111111111,9,1,787,False
0.8285714285714286,0.7777777777777778,0.875,0.8235294117647058,70,0.1111111111111111,9,1,788,False
0.8285714285714286,0.7631578947368421,0.90625,0.8285714285714286,70,0.1111111111111111,9,1,789,False
0.8285714285714286,0.7631578947368421,0.90625,0.8285714285714286,70,0.1111111111111111,9,1,790,False
0.8285714285714286,0.7777777777777778,0.875,0.8235294117647058,70,0.1111111111111111,9,1,791,False
0.8571428571428571,0.7894736842105263,0.9375,0.8571428571428571,70,0.1111111111111111,9,1,792,False
0.8571428571428571,0.7894736842105263,0.9375,0.8571428571428571,70,0.1111111111111111,9,1,793,False
0.8285714285714286,0.7777777777777778,0.875,0.8235294117647058,70,0.1111111111111111,9,1,794,False
0.8428571428571429,0.7837837837837838,0.90625,0.8405797101449275,70,0.1111111111111111,9,1,795,False
0.8428571428571429,0.8181818181818182,0.84375,0.8307692307692308,70,0.1111111111111111,9,1,796,False
0.8142857142857143,0.7714285714285715,0.84375,0.8059701492537313,70,0.1111111111111111,9,1,797,False
0.8142857142857143,0.7714285714285715,0.84375,0.8059701492537313,70,0.1111111111111111,9,1,798,False
0.8285714285714286,0.7777777777777778,0.875,0.8235294117647058,70,0.1111111111111111,9,1,799,False
0.7857142857142857,0.6976744186046512,0.9375,0.8,70,0.1111111111111111,9,1,800,False
0.8285714285714286,0.7941176470588235,0.84375,0.8181818181818182,70,0.1111111111111111,9,1,801,False
0.8285714285714286,0.7941176470588235,0.84375,0.8181818181818182,70,0.1111111111111111,9,1,802,False
0.8285714285714286,0.7777777777777778,0.875,0.8235294117647058,70,0.1111111111111111,9,1,803,False
0.8571428571428571,0.84375,0.84375,0.84375,70,0.1111111111111111,9,1,804,False
0.7857142857142857,0.7297297297297297,0.84375,0.782608695652174,70,0.1111111111111111,9,1,805,False
0.7857142857142857,0.7073170731707317,0.90625,0.7945205479452054,70,0.1111111111111111,9,1,806,False
0.7857142857142857,0.7073170731707317,0.90625,0.7945205479452054,70,0.1111111111111111,9,1,807,False
0.8428571428571429,0.8,0.875,0.835820895522388,70,0.1111111111111111,9,1,808,False
0.8142857142857143,0.7435897435897436,0.90625,0.8169014084507042,70,0.1111111111111111,9,1,809,False
0.8285714285714286,0.7777777777777778,0.875,0.8235294117647058,70,0.1111111111111111,9,1,810,False
0.8,0.7142857142857143,0.9375,0.8108108108108109,70,0.1111111111111111,9,1,811,False
0.8571428571428571,0.7894736842105263,0.9375,0.8571428571428571,70,0.1111111111111111,9,1,812,False
0.8285714285714286,0.75,0.9375,0.8333333333333334,70,0.1111111111111111,9,1,813,False
0.8571428571428571,0.8666666666666667,0.8125,0.8387096774193549,70,0.1111111111111111,9,1,814,False
0.8428571428571429,0.8,0.875,0.835820895522388,70,0.1111111111111111,9,1,815,False
0.8428571428571429,0.8,0.875,0.835820895522388,70,0.1111111111111111,9,1,816,False
0.8428571428571429,0.8,0.875,0.835820895522388,70,0.1111111111111111,9,1,817,False
0.8428571428571429,0.7837837837837838,0.90625,0.8405797101449275,70,0.1111111111111111,9,1,818,False
0.8714285714285714,0.8484848484848485,0.875,0.8615384615384616,70,0.1111111111111111,9,1,819,False
0.8571428571428571,0.84375,0.84375,0.84375,70,0.1111111111111111,9,1,820,False
0.8285714285714286,0.8125,0.8125,0.8125,70,0.1111111111111111,9,1,821,False
0.8428571428571429,0.7837837837837838,0.90625,0.8405797101449275,70,0.1111111111111111,9,1,822,False
0.8285714285714286,0.7631578947368421,0.90625,0.8285714285714286,70,0.1111111111111111,9,1,823,False
0.8285714285714286,0.8125,0.8125,0.8125,70,0.2222222222222222,9,2,824,False
0.8142857142857143,0.7317073170731707,0.9375,0.821917808219178,70,0.1111111111111111,9,1,825,False
0.8428571428571429,0.8181818181818182,0.84375,0.8307692307692308,70,0.1111111111111111,9,1,826,False
0.8571428571428571,0.8235294117647058,0.875,0.8484848484848485,70,0.1111111111111111,9,1,827,False
0.8714285714285714,0.8285714285714286,0.90625,0.8656716417910447,70,0.1111111111111111,9,1,828,False
0.8428571428571429,0.8181818181818182,0.84375,0.8307692307692308,70,0.1111111111111111,9,1,829,False
0.8,0.7368421052631579,0.875,0.8,70,0.1111111111111111,9,1,830,False
0.8428571428571429,0.7837837837837838,0.90625,0.8405797101449275,70,0.1111111111111111,9,1,831,False
0.8142857142857143,0.8064516129032258,0.78125,0.7936507936507936,70,0.2222222222222222,9,2,832,False
0.8142857142857143,0.7567567567567568,0.875,0.8115942028985508,70,0.1111111111111111,9,1,833,False
0.8571428571428571,0.8235294117647058,0.875,0.8484848484848485,70,0.1111111111111111,9,1,834,False
0.8428571428571429,0.7837837837837838,0.90625,0.8405797101449275,70,0.1111111111111111,9,1,835,False
0.8571428571428571,0.8055555555555556,0.90625,0.8529411764705882,70,0.1111111111111111,9,1,836,False
0.8428571428571429,0.7837837837837838,0.90625,0.8405797101449275,70,0.1111111111111111,9,1,837,False
0.8571428571428571,0.84375,0.84375,0.84375,70,0.2222222222222222,9,2,838,False
0.8285714285714286,0.7631578947368421,0.90625,0.8285714285714286,70,0.1111111111111111,9,1,839,False
0.8285714285714286,0.75,0.9375,0.8333333333333334,70,0.1111111111111111,9,1,840,False
0.8285714285714286,0.8125,0.8125,0.8125,70,0.2222222222222222,9,2,841,False
0.8142857142857143,0.7435897435897436,0.90625,0.8169014084507042,70,0.1111111111111111,9,1,842,False
0.8428571428571429,0.7692307692307693,0.9375,0.8450704225352113,70,0.1111111111111111,9,1,843,False
0.8285714285714286,0.75,0.9375,0.8333333333333334,70,0.1111111111111111,9,1,844,False
0.8714285714285714,0.8484848484848485,0.875,0.8615384615384616,70,0.1111111111111111,9,1,845,False
0.8714285714285714,0.8484848484848485,0.875,0.8615384615384616,70,0.1111111111111111,9,1,846,False
0.8714285714285714,0.8484848484848485,0.875,0.8615384615384616,70,0.1111111111111111,9,1,847,False
0.8428571428571429,0.7837837837837838,0.90625,0.8405797101449275,70,0.1111111111111111,9,1,848,False
0.8285714285714286,0.75,0.9375,0.8333333333333334,70,0.1111111111111111,9,1,849,False
0.8428571428571429,0.7837837837837838,0.90625,0.8405797101449275,70,0.1111111111111111,9,1,850,False
0.8285714285714286,0.7941176470588235,0.84375,0.8181818181818182,70,0.1111111111111111,9,1,851,False
0.8428571428571429,0.8387096774193549,0.8125,0.8253968253968254,70,0.1111111111111111,9,1,852,False
0.8285714285714286,0.75,0.9375,0.8333333333333334,70,0.1111111111111111,9,1,853,False
0.8428571428571429,0.7692307692307693,0.9375,0.8450704225352113,70,0.1111111111111111,9,1,854,False
0.8428571428571429,0.7692307692307693,0.9375,0.8450704225352113,70,0.1111111111111111,9,1,855,False
0.8857142857142857,0.8333333333333334,0.9375,0.8823529411764706,70,0.1111111111111111,9,1,856,False
0.8857142857142857,0.8333333333333334,0.9375,0.8823529411764706,70,0.1111111111111111,9,1,857,False
0.8714285714285714,0.8285714285714286,0.90625,0.8656716417910447,70,0.1111111111111111,9,1,858,False
0.8571428571428571,0.8055555555555556,0.90625,0.8529411764705882,70,0.1111111111111111,9,1,859,False
0.8714285714285714,0.8108108108108109,0.9375,0.8695652173913043,70,0.1111111111111111,9,1,860,False
0.8714285714285714,0.8484848484848485,0.875,0.8615384615384616,70,0.1111111111111111,9,1,861,False
0.8571428571428571,0.8235294117647058,0.875,0.8484848484848485,70,0.1111111111111111,9,1,862,False
0.8285714285714286,0.75,0.9375,0.8333333333333334,70,0.1111111111111111,9,1,863,False
0.8428571428571429,0.7692307692307693,0.9375,0.8450704225352113,70,0.1111111111111111,9,1,864,False
0.8285714285714286,0.75,0.9375,0.8333333333333334,70,0.1111111111111111,9,1,865,False
0.8428571428571429,0.7692307692307693,0.9375,0.8450704225352113,70,0.1111111111111111,9,1,866,False
0.8571428571428571,0.8055555555555556,0.90625,0.8529411764705882,70,0.1111111111111111,9,1,867,False
0.8,0.7142857142857143,0.9375,0.8108108108108109,70,0.1111111111111111,9,1,868,False
0.8571428571428571,0.8235294117647058,0.875,0.8484848484848485,70,0.1111111111111111,9,1,869,False
0.8428571428571429,0.8,0.875,0.835820895522388,70,0.1111111111111111,9,1,870,False
0.8428571428571429,0.8,0.875,0.835820895522388,70,0.1111111111111111,9,1,871,False
0.8714285714285714,0.8285714285714286,0.90625,0.8656716417910447,70,0.1111111111111111,9,1,872,False
0.8428571428571429,0.7692307692307693,0.9375,0.8450704225352113,70,0.1111111111111111,9,1,873,False
0.8428571428571429,0.7692307692307693,0.9375,0.8450704225352113,70,0.1111111111111111,9,1,874,False
0.8714285714285714,0.8285714285714286,0.90625,0.8656716417910447,70,0.1111111111111111,9,1,875,False
0.8714285714285714,0.8285714285714286,0.90625,0.8656716417910447,70,0.1111111111111111,9,1,876,False
0.8428571428571429,0.7837837837837838,0.90625,0.8405797101449275,70,0.1111111111111111,9,1,877,False
0.8428571428571429,0.7692307692307693,0.9375,0.8450704225352113,70,0.1111111111111111,9,1,878,False
0.8428571428571429,0.7692307692307693,0.9375,0.8450704225352113,70,0.1111111111111111,9,1,879,False
0.8714285714285714,0.896551724137931,0.8125,0.8524590163934426,70,0.1111111111111111,9,1,880,False
0.8428571428571429,0.7692307692307693,0.9375,0.8450704225352113,70,0.1111111111111111,9,1,881,False
0.8714285714285714,0.8108108108108109,0.9375,0.8695652173913043,70,0.1111111111111111,9,1,882,False
0.8428571428571429,0.7837837837837838,0.90625,0.8405797101449275,70,0.1111111111111111,9,1,883,False
0.8428571428571429,0.7837837837837838,0.90625,0.8405797101449275,70,0.1111111111111111,9,1,884,False
0.8428571428571429,0.8,0.875,0.835820895522388,70,0.1111111111111111,9,1,885,False
0.8285714285714286,0.75,0.9375,0.8333333333333334,70,0.1111111111111111,9,1,886,False
0.8285714285714286,0.7631578947368421,0.90625,0.8285714285714286,70,0.1111111111111111,9,1,887,False
0.8714285714285714,0.8108108108108109,0.9375,0.8695652173913043,70,0.1111111111111111,9,1,888,False
0.8571428571428571,0.8666666666666667,0.8125,0.8387096774193549,70,0.1111111111111111,9,1,889,False
0.7714285714285715,0.6818181818181818,0.9375,0.7894736842105263,70,0.1111111111111111,9,1,890,False
0.8428571428571429,0.7837837837837838,0.90625,0.8405797101449275,70,0.1111111111111111,9,1,891,False
0.8285714285714286,0.7631578947368421,0.90625,0.8285714285714286,70,0.1111111111111111,9,1,892,False
0.8428571428571429,0.7692307692307693,0.9375,0.8450704225352113,70,0.1111111111111111,9,1,893,False
0.8428571428571429,0.7692307692307693,0.9375,0.8450704225352113,70,0.1111111111111111,9,1,894,False
0.8571428571428571,0.8235294117647058,0.875,0.8484848484848485,70,0.1111111111111111,9,1,895,False
0.8571428571428571,0.8235294117647058,0.875,0.8484848484848485,70,0.1111111111111111,9,1,896,False
0.8571428571428571,0.8055555555555556,0.90625,0.8529411764705882,70,0.1111111111111111,9,1,897,False
0.8571428571428571,0.7894736842105263,0.9375,0.8571428571428571,70,0.1111111111111111,9,1,898,False
0.8428571428571429,0.7692307692307693,0.9375,0.8450704225352113,70,0.1111111111111111,9,1,899,False
0.8428571428571429,0.8181818181818182,0.84375,0.8307692307692308,70,0.1111111111111111,9,1,900,False
0.8428571428571429,0.7837837837837838,0.90625,0.8405797101449275,70,0.1111111111111111,9,1,901,False
0.8571428571428571,0.7894736842105263,0.9375,0.8571428571428571,70,0.1111111111111111,9,1,902,False
0.8714285714285714,0.8108108108108109,0.9375,0.8695652173913043,70,0.1111111111111111,9,1,903,False
0.8428571428571429,0.8181818181818182,0.84375,0.8307692307692308,70,0.1111111111111111,9,1,904,False
0.8571428571428571,0.8055555555555556,0.90625,0.8529411764705882,70,0.1111111111111111,9,1,905,False
0.8285714285714286,0.7631578947368421,0.90625,0.8285714285714286,70,0.1111111111111111,9,1,906,False
0.8285714285714286,0.7631578947368421,0.90625,0.8285714285714286,70,0.1111111111111111,9,1,907,False
0.8142857142857143,0.7567567567567568,0.875,0.8115942028985508,70,0.1111111111111111,9,1,908,False
0.8285714285714286,0.7631578947368421,0.90625,0.8285714285714286,70,0.1111111111111111,9,1,909,False
0.8571428571428571,0.7894736842105263,0.9375,0.8571428571428571,70,0.1111111111111111,9,1,910,False
0.8428571428571429,0.8,0.875,0.835820895522388,70,0.1111111111111111,9,1,911,False
0.8428571428571429,0.7837837837837838,0.90625,0.8405797101449275,70,0.1111111111111111,9,1,912,False
0.8285714285714286,0.7631578947368421,0.90625,0.8285714285714286,70,0.1111111111111111,9,1,913,False
0.8285714285714286,0.7631578947368421,0.90625,0.8285714285714286,70,0.1111111111111111,9,1,914,False
0.8571428571428571,0.7894736842105263,0.9375,0.8571428571428571,70,0.1111111111111111,9,1,915,False
0.8428571428571429,0.8,0.875,0.835820895522388,70,0.1111111111111111,9,1,916,False
0.8,0.78125,0.78125,0.78125,70,0.2222222222222222,9,2,917,False
0.8428571428571429,0.8,0.875,0.835820895522388,70,0.1111111111111111,9,1,918,False
0.8714285714285714,0.8108108108108109,0.9375,0.8695652173913043,70,0.1111111111111111,9,1,919,False
0.8571428571428571,0.7894736842105263,0.9375,0.8571428571428571,70,0.1111111111111111,9,1,920,False
0.8285714285714286,0.75,0.9375,0.8333333333333334,70,0.1111111111111111,9,1,921,False
0.8714285714285714,0.8108108108108109,0.9375,0.8695652173913043,70,0.1111111111111111,9,1,922,False
0.8714285714285714,0.8108108108108109,0.9375,0.8695652173913043,70,0.1111111111111111,9,1,923,False
0.8428571428571429,0.7692307692307693,0.9375,0.8450704225352113,70,0.1111111111111111,9,1,924,False
0.8285714285714286,0.75,0.9375,0.8333333333333334,70,0.1111111111111111,9,1,925,False
0.8714285714285714,0.8108108108108109,0.9375,0.8695652173913043,70,0.1111111111111111,9,1,926,False
0.8571428571428571,0.7894736842105263,0.9375,0.8571428571428571,70,0.1111111111111111,9,1,927,False
0.8714285714285714,0.8108108108108109,0.9375,0.8695652173913043,70,0.1111111111111111,9,1,928,False
0.8714285714285714,0.8108108108108109,0.9375,0.8695652173913043,70,0.1111111111111111,9,1,929,False
0.8428571428571429,0.7692307692307693,0.9375,0.8450704225352113,70,0.1111111111111111,9,1,930,False
0.8714285714285714,0.8108108108108109,0.9375,0.8695652173913043,70,0.1111111111111111,9,1,931,False
0.8714285714285714,0.8108108108108109,0.9375,0.8695652173913043,70,0.1111111111111111,9,1,932,False
0.8428571428571429,0.8181818181818182,0.84375,0.8307692307692308,70,0.1111111111111111,9,1,933,False
0.8285714285714286,0.7777777777777778,0.875,0.8235294117647058,70,0.1111111111111111,9,1,934,False
0.8,0.7142857142857143,0.9375,0.8108108108108109,70,0.1111111111111111,9,1,935,False
0.8142857142857143,0.7567567567567568,0.875,0.8115942028985508,70,0.1111111111111111,9,1,936,False
0.8142857142857143,0.7567567567567568,0.875,0.8115942028985508,70,0.1111111111111111,9,1,937,False
0.8285714285714286,0.7777777777777778,0.875,0.8235294117647058,70,0.1111111111111111,9,1,938,False
0.8142857142857143,0.7317073170731707,0.9375,0.821917808219178,70,0.1111111111111111,9,1,939,False
0.8428571428571429,0.7692307692307693,0.9375,0.8450704225352113,70,0.1111111111111111,9,1,940,False
0.8428571428571429,0.7692307692307693,0.9375,0.8450704225352113,70,0.1111111111111111,9,1,941,False
0.8428571428571429,0.7837837837837838,0.90625,0.8405797101449275,70,0.1111111111111111,9,1,942,False
0.8285714285714286,0.7777777777777778,0.875,0.8235294117647058,70,0.1111111111111111,9,1,943,False
0.8428571428571429,0.7837837837837838,0.90625,0.8405797101449275,70,0.1111111111111111,9,1,944,False
0.8428571428571429,0.8,0.875,0.835820895522388,70,0.1111111111111111,9,1,945,False
0.8571428571428571,0.8055555555555556,0.90625,0.8529411764705882,70,0.1111111111111111,9,1,946,False
0.8428571428571429,0.7837837837837838,0.90625,0.8405797101449275,70,0.1111111111111111,9,1,947,False
0.8571428571428571,0.8235294117647058,0.875,0.8484848484848485,70,0.1111111111111111,9,1,948,False
0.8428571428571429,0.7837837837837838,0.90625,0.8405797101449275,70,0.1111111111111111,9,1,949,False
0.8428571428571429,0.7837837837837838,0.90625,0.8405797101449275,70,0.1111111111111111,9,1,950,False
0.8285714285714286,0.7777777777777778,0.875,0.8235294117647058,70,0.1111111111111111,9,1,951,False
0.8285714285714286,0.7777777777777778,0.875,0.8235294117647058,70,0.1111111111111111,9,1,952,False
0.8285714285714286,0.7777777777777778,0.875,0.8235294117647058,70,0.1111111111111111,9,1,953,False
0.8428571428571429,0.7837837837837838,0.90625,0.8405797101449275,70,0.1111111111111111,9,1,954,False
0.8142857142857143,0.7714285714285715,0.84375,0.8059701492537313,70,0.1111111111111111,9,1,955,False
0.8285714285714286,0.7941176470588235,0.84375,0.8181818181818182,70,0.1111111111111111,9,1,956,False
0.8428571428571429,0.8,0.875,0.835820895522388,70,0.1111111111111111,9,1,957,False
0.8571428571428571,0.84375,0.84375,0.84375,70,0.1111111111111111,9,1,958,False
0.8428571428571429,0.8,0.875,0.835820895522388,70,0.1111111111111111,9,1,959,False
0.8142857142857143,0.7567567567567568,0.875,0.8115942028985508,70,0.1111111111111111,9,1,960,False
0.8142857142857143,0.7435897435897436,0.90625,0.8169014084507042,70,0.1111111111111111,9,1,961,False
0.8285714285714286,0.7631578947368421,0.90625,0.8285714285714286,70,0.1111111111111111,9,1,962,False
0.8428571428571429,0.7837837837837838,0.90625,0.8405797101449275,70,0.1111111111111111,9,1,963,False
0.8142857142857143,0.7567567567567568,0.875,0.8115942028985508,70,0.1111111111111111,9,1,964,False
0.8571428571428571,0.8235294117647058,0.875,0.8484848484848485,70,0.1111111111111111,9,1,965,False
0.8714285714285714,0.8285714285714286,0.90625,0.8656716417910447,70,0.1111111111111111,9,1,966,False
0.8428571428571429,0.7837837837837838,0.90625,0.8405797101449275,70,0.1111111111111111,9,1,967,False
0.8714285714285714,0.8108108108108109,0.9375,0.8695652173913043,70,0.1111111111111111,9,1,968,False
0.8571428571428571,0.8235294117647058,0.875,0.8484848484848485,70,0.1111111111111111,9,1,969,False
0.8285714285714286,0.7631578947368421,0.90625,0.8285714285714286,70,0.1111111111111111,9,1,970,False
0.8571428571428571,0.8235294117647058,0.875,0.8484848484848485,70,0.1111111111111111,9,1,971,False
0.8285714285714286,0.7777777777777778,0.875,0.8235294117647058,70,0.1111111111111111,9,1,972,False
0.8142857142857143,0.7317073170731707,0.9375,0.821917808219178,70,0.1111111111111111,9,1,973,False
0.8571428571428571,0.8055555555555556,0.90625,0.8529411764705882,70,0.1111111111111111,9,1,974,False
0.8571428571428571,0.8055555555555556,0.90625,0.8529411764705882,70,0.1111111111111111,9,1,975,False
0.8285714285714286,0.7631578947368421,0.90625,0.8285714285714286,70,0.1111111111111111,9,1,976,False
0.8428571428571429,0.7837837837837838,0.90625,0.8405797101449275,70,0.1111111111111111,9,1,977,False
0.8428571428571429,0.8,0.875,0.835820895522388,70,0.1111111111111111,9,1,978,False
0.8714285714285714,0.8285714285714286,0.90625,0.8656716417910447,70,0.1111111111111111,9,1,979,False
0.8714285714285714,0.8285714285714286,0.90625,0.8656716417910447,70,0.1111111111111111,9,1,980,False
0.8285714285714286,0.75,0.9375,0.8333333333333334,70,0.1111111111111111,9,1,981,False
0.8428571428571429,0.7837837837837838,0.90625,0.8405797101449275,70,0.1111111111111111,9,1,982,False
0.8285714285714286,0.75,0.9375,0.8333333333333334,70,0.1111111111111111,9,1,983,False
0.8571428571428571,0.7894736842105263,0.9375,0.8571428571428571,70,0.1111111111111111,9,1,984,False
0.8571428571428571,0.8055555555555556,0.90625,0.8529411764705882,70,0.1111111111111111,9,1,985,False
0.8714285714285714,0.8108108108108109,0.9375,0.8695652173913043,70,0.1111111111111111,9,1,986,False
0.8571428571428571,0.7894736842105263,0.9375,0.8571428571428571,70,0.1111111111111111,9,1,987,False
0.8285714285714286,0.75,0.9375,0.8333333333333334,70,0.1111111111111111,9,1,988,False
0.8571428571428571,0.8055555555555556,0.90625,0.8529411764705882,70,0.1111111111111111,9,1,989,False
0.8571428571428571,0.7894736842105263,0.9375,0.8571428571428571,70,0.1111111111111111,9,1,990,False
0.8142857142857143,0.7317073170731707,0.9375,0.821917808219178,70,0.1111111111111111,9,1,991,False
0.8714285714285714,0.8108108108108109,0.9375,0.8695652173913043,70,0.1111111111111111,9,1,992,False
0.8571428571428571,0.8055555555555556,0.90625,0.8529411764705882,70,0.2222222222222222,9,2,993,False
0.8428571428571429,0.8,0.875,0.835820895522388,70,0.2222222222222222,9,2,994,False
0.8142857142857143,0.7435897435897436,0.90625,0.8169014084507042,70,0.2222222222222222,9,2,995,False
0.8428571428571429,0.7692307692307693,0.9375,0.8450704225352113,70,0.1111111111111111,9,1,996,False
0.8571428571428571,0.8055555555555556,0.90625,0.8529411764705882,70,0.1111111111111111,9,1,997,False
0.8142857142857143,0.7878787878787878,0.8125,0.8,70,0.3333333333333333,9,3,998,False
0.8,0.7142857142857143,0.9375,0.8108108108108109,70,0.1111111111111111,9,1,999,False
